0 0 01 40 tag10498 undefined 	0.000000	0.000071	1
1 0 0 31 41 0 	8162.742229	0.000071	1

0 2 2 01 60 e 	1929.674364	0.005900	18
1 1 1 02 59 f 	2437.627395	0.005800	7
0 3 3 01 41 f 	1915.478888	0.004000	19
1 2 2 02 40 e 	2424.300180	0.003900	11
0 3 3 01 40 e 	1886.910744	0.004000	19
1 2 2 02 39 f 	2396.489874	0.003900	11
0 2 2 01 58 e 	1847.013336	0.005700	18
1 1 1 02 57 f 	2356.613292	0.005600	8
0 3 3 01 39 f 	1859.037587	0.003800	19
1 2 2 02 38 e 	2369.365098	0.003700	11
0 2 2 01 59 f 	1888.066686	0.005900	18
1 1 1 02 58 e 	2399.014672	0.005800	7
0 3 3 01 38 e 	1831.860150	0.003800	19
1 2 2 02 37 f 	2342.941751	0.003700	13
0 2 2 01 56 e 	1767.118367	0.005500	19
1 1 1 02 55 f 	2278.356952	0.005400	10
0 3 3 01 37 f 	1805.378004	0.003600	19
1 2 2 02 36 e 	2317.205942	0.003500	13
0 2 2 01 57 f 	1806.779228	0.005700	19
1 1 1 02 56 e 	2319.231605	0.005600	10
0 3 3 01 36 e 	1779.591709	0.003600	19
1 2 2 02 35 f 	2292.170162	0.003500	14
0 2 2 01 54 e 	1689.990749	0.005300	19
1 1 1 02 53 f 	2202.859615	0.005200	10
0 3 3 01 35 f 	1754.500978	0.003400	19
1 2 2 02 34 e 	2267.823591	0.003300	14
0 2 2 01 55 f 	1728.259504	0.005500	19
1 1 1 02 54 e 	2242.211690	0.005400	10
0 3 3 01 34 e 	1730.106236	0.003400	19
1 2 2 02 33 f 	2244.175937	0.003300	15
0 2 2 01 52 e 	1615.631724	0.005100	19
1 1 1 02 51 f 	2130.122481	0.005000	12
0 3 3 01 33 f 	1706.407303	0.003200	19
1 2 2 02 32 e 	2221.218874	0.003100	15
0 2 2 01 53 f 	1652.508695	0.005300	19
1 1 1 02 52 e 	2167.956186	0.005200	10
0 3 3 01 32 e 	1683.404501	0.003200	19
1 2 2 02 31 f 	2198.959858	0.003100	15
0 2 2 01 50 e 	1544.042489	0.004900	19
1 1 1 02 49 f 	2060.146707	0.004800	12
0 3 3 01 31 f 	1661.097728	0.003000	19
1 2 2 02 30 e 	2177.392570	0.002900	16
0 2 2 01 51 f 	1579.527939	0.005100	19
1 1 1 02 50 e 	2096.466305	0.005000	12
0 3 3 01 30 e 	1639.487231	0.003000	19
1 2 2 02 29 f 	2156.522664	0.002900	17
0 2 2 01 48 e 	1475.224197	0.004700	19
1 1 1 02 47 f 	1992.933404	0.004600	12
0 3 3 01 29 f 	1618.572961	0.002800	19
1 2 2 02 28 e 	2136.345415	0.002700	19
0 2 2 01 49 f 	1509.318335	0.004900	19
1 1 1 02 48 e 	2027.743220	0.004800	12
0 3 3 01 28 e 	1598.355109	0.002800	19
1 2 2 02 27 f 	2116.865048	0.002700	19
0 3 3 01 27 f 	1578.833664	0.002600	19
1 2 2 02 26 e 	2098.078095	0.002500	18
0 2 2 01 46 e 	1409.177949	0.004500	19
1 1 1 02 45 f 	1928.483642	0.004400	13
0 2 2 01 47 f 	1441.880937	0.004700	19
1 1 1 02 46 e 	1961.788054	0.004600	12
0 3 3 01 26 e 	1560.008775	0.002600	19
1 2 2 02 25 f 	2079.987658	0.002500	18
0 3 3 01 25 f 	1541.880456	0.002400	19
1 2 2 02 24 e 	2062.591247	0.002300	18
0 2 2 01 44 e 	1345.904805	0.004300	19
1 1 1 02 43 f 	1866.798447	0.004200	14
0 2 2 01 45 f 	1377.216760	0.004500	19
1 1 1 02 44 e 	1898.601889	0.004400	14
0 3 3 01 24 e 	1524.448825	0.002400	19
1 2 2 02 23 f 	2045.891098	0.002300	17
0 3 3 01 23 f 	1507.713912	0.002200	19
1 2 2 02 22 e 	2029.885463	0.002100	17
0 2 2 01 42 e 	1285.405776	0.004100	23
1 1 1 02 41 f 	1807.878800	0.004000	14
0 2 2 01 43 f 	1315.326777	0.004300	21
1 1 1 02 42 e 	1838.185761	0.004200	14
0 3 3 01 22 e 	1491.675812	0.002200	19
1 2 2 02 21 f 	2014.575923	0.002100	17
0 3 3 01 21 f 	1476.334564	0.002000	19
1 2 2 02 20 e 	1999.961288	0.001900	18
0 2 2 01 40 e 	1227.681828	0.003900	24
1 1 1 02 39 f 	1751.725641	0.003800	14
0 2 2 01 41 f 	1256.211919	0.004100	23
1 1 1 02 40 e 	1780.540662	0.004000	14
0 3 3 01 20 e 	1461.690245	0.002000	19
1 2 2 02 19 f 	1986.042646	0.001900	18
0 3 3 01 19 f 	1447.742899	0.001800	19
1 2 2 02 18 e 	1972.819219	0.001700	18
0 2 2 01 38 e 	1172.733882	0.003700	25
1 1 1 02 37 f 	1698.339864	0.003600	14
0 2 2 01 39 f 	1199.873073	0.003900	24
1 1 1 02 38 e 	1725.667538	0.003800	14
0 3 3 01 18 e 	1434.492590	0.001800	19
1 2 2 02 17 f 	1960.291735	0.001700	18
0 3 3 01 17 f 	1421.939362	0.001600	19
1 2 2 02 16 e 	1948.459707	0.001500	18
0 2 2 01 36 e 	1120.562812	0.003500	25
1 1 1 02 35 f 	1647.722320	0.003400	14
0 3 3 01 16 e 	1410.083269	0.001600	19
1 2 2 02 15 f 	1937.323609	0.001500	18
0 2 2 01 37 f 	1146.311088	0.003700	25
1 1 1 02 36 e 	1673.567291	0.003600	14
0 3 3 01 15 f 	1398.924354	0.001400	19
1 2 2 02 14 e 	1926.883156	0.001300	18
0 3 3 01 14 e 	1388.462663	0.001400	20
1 2 2 02 13 f 	1917.138645	0.001300	18
0 2 2 01 34 e 	1071.169447	0.003300	25
1 1 1 02 33 f 	1599.873817	0.003200	15
0 2 2 01 35 f 	1095.526768	0.003500	25
1 1 1 02 34 e 	1624.240778	0.003400	15
0 3 3 01 13 f 	1378.698233	0.001200	21
1 2 2 02 12 e 	1908.089925	0.001100	18
0 3 3 01 12 e 	1369.631105	0.001200	21
1 2 2 02 11 f 	1899.737173	0.001100	18
0 2 2 01 33 f 	1047.520878	0.003300	26
1 1 1 02 32 e 	1577.688809	0.003200	15
0 2 2 01 32 e 	1024.554572	0.003100	27
1 1 1 02 31 f 	1554.795119	0.003000	15
0 3 3 01 11 f 	1361.261313	0.001000	21
1 2 2 02 10 e 	1892.080324	0.000900	18
0 3 3 01 10 e 	1353.588889	0.001000	21
1 2 2 02 9 f 	1885.119479	0.000900	18
0 2 2 01 31 f 	1002.294140	0.003100	29
1 1 1 02 30 e 	1533.912152	0.003000	15
0 2 2 01 30 e 	980.718926	0.002900	32
1 1 1 02 29 f 	1512.486943	0.002800	15
0 3 3 01 9 f 	1346.613864	0.000800	21
1 2 2 02 8 e 	1878.854618	0.000700	18
0 3 3 01 8 e 	1340.336264	0.000800	21
1 2 2 02 7 f 	1873.285800	0.000700	16
0 2 2 01 29 f 	959.847234	0.002900	32
1 1 1 02 28 e 	1492.911527	0.002800	15
0 2 2 01 28 e 	939.663203	0.002700	32
1 1 1 02 27 f 	1472.949967	0.002600	15
0 3 3 01 7 f 	1334.756114	0.000600	21
1 2 2 02 6 e 	1868.413027	0.000500	11
0 3 3 01 6 e 	1329.873435	0.000600	21
1 2 2 02 5 f 	1864.236331	0.000500	10
0 2 2 01 27 f 	920.180797	0.002700	32
1 1 1 02 26 e 	1454.687610	0.002600	15
0 2 2 01 26 e 	901.388053	0.002500	32
1 1 1 02 25 f 	1436.184822	0.002400	15
0 3 3 01 5 f 	1325.688247	0.000400	20
1 2 2 02 4 e 	1860.755723	0.000300	10
0 3 3 01 4 e 	1322.200565	0.000400	19
1 2 2 02 3 f 	1857.971220	0.000300	10
0 2 2 01 25 f 	883.295427	0.002500	32
1 1 1 02 24 e 	1419.241029	0.002400	15
0 2 2 01 24 e 	865.894080	0.002300	32
1 1 1 02 23 f 	1402.192094	0.002200	15
0 3 3 01 3 f 	1319.410403	0.000200	14
1 2 2 02 2 e 	1855.882832	0.000300	7
0 3 3 01 46 e 	2068.746652	0.004600	16
1 2 2 02 46 e 	2605.751489	0.004500	7
0 3 3 01 45 f 	2036.703073	0.004400	16
1 2 2 02 45 f 	2573.784494	0.004500	8
0 3 3 01 44 e 	2005.354918	0.004400	17
1 2 2 02 44 e 	2542.494374	0.004300	8
0 3 3 01 43 f 	1974.701026	0.004200	17
1 2 2 02 43 f 	2511.912187	0.004300	9
0 3 3 01 42 e 	1944.742634	0.004200	18
1 2 2 02 42 e 	2482.010264	0.004100	10
1 2 2 02 41 f 	2452.813659	0.004100	10
0 2 2 01 23 f 	849.191679	0.002300	32
1 1 1 02 22 e 	1386.572371	0.002200	15
0 2 2 01 22 e 	833.181845	0.002100	32
1 1 1 02 21 f 	1370.972327	0.002000	15
0 2 2 01 21 f 	817.870065	0.002100	32
1 1 1 02 20 e 	1356.682173	0.002000	15
0 2 2 01 20 e 	803.251864	0.001900	31
1 1 1 02 19 f 	1342.526020	0.001800	15
0 2 2 01 19 f 	789.331056	0.001900	31
1 1 1 02 18 e 	1329.570929	0.001800	16
0 2 2 01 18 e 	776.104608	0.001700	30
1 1 1 02 17 f 	1316.853628	0.001600	16
0 2 2 01 17 f 	763.575082	0.001700	30
1 1 1 02 16 e 	1305.239087	0.001600	16
0 2 2 01 16 e 	751.740505	0.001500	29
1 1 1 02 15 f 	1293.955561	0.001400	16
0 2 2 01 15 f 	740.602529	0.001500	29
1 1 1 02 14 e 	1283.687047	0.001400	15
0 2 2 01 14 e 	730.159938	0.001300	29
1 1 1 02 13 f 	1273.832185	0.001200	15
0 2 2 01 13 f 	720.413744	0.001300	29
1 1 1 02 12 e 	1264.915167	0.001200	15
0 2 2 01 12 e 	711.363247	0.001100	28
1 1 1 02 11 f 	1256.483823	0.001000	15
0 2 2 01 11 f 	703.009030	0.001100	28
1 1 1 02 10 e 	1248.923755	0.001000	15
0 2 2 01 10 e 	695.350727	0.000900	28
1 1 1 02 9 f 	1241.910752	0.000800	15
0 2 2 01 9 f 	688.388649	0.000900	28
1 1 1 02 8 e 	1235.713076	0.000800	15
0 2 2 01 8 e 	682.122630	0.000700	28
1 1 1 02 7 f 	1230.113205	0.000600	15
0 2 2 01 7 f 	676.552821	0.000700	28
1 1 1 02 6 e 	1225.283349	0.000600	16
0 2 2 01 63 f 	2058.939873	0.006300	16
1 1 1 02 63 f 	2607.923701	0.006200	4
0 2 2 01 61 f 	1972.120656	0.006100	17
1 1 1 02 61 f 	2521.397974	0.006000	5
0 2 2 01 6 e 	671.679163	0.000500	26
1 1 1 02 5 f 	1221.091371	0.000400	16
0 2 2 01 5 f 	667.501723	0.000500	25
1 1 1 02 4 e 	1217.634745	0.000400	16
0 2 2 01 4 e 	664.020490	0.000300	26
1 1 1 02 3 f 	1214.845395	0.000200	17
0 2 2 01 3 f 	661.235491	0.000300	23
1 1 1 02 2 e 	1212.767391	0.000200	15
0 2 2 01 64 e 	2103.289197	0.006300	16
1 1 1 02 64 e 	2654.929537	0.006400	3
0 2 2 01 62 e 	2015.100112	0.006100	17
1 1 1 02 62 e 	2566.865006	0.006200	5
1 1 1 02 60 e 	2481.559588	0.006000	6
0 2 2 01 2 e 	659.146732	0.000100	18
1 1 1 02 1 f 	1211.375375	0.000200	10
2 1 1 03 29 f 	2712.495191	0.002800	3
2 1 1 03 27 f 	2672.965841	0.002600	3
2 1 1 03 25 f 	2636.207539	0.002400	3
2 1 1 03 23 f 	2602.220927	0.002200	3
2 1 1 03 21 f 	2571.006596	0.002000	3
2 1 1 03 19 f 	2542.565092	0.001800	3
2 1 1 03 17 f 	2516.896910	0.001600	3
2 1 1 03 15 f 	2494.002500	0.001400	3
2 1 1 03 13 f 	2473.882261	0.001200	3
2 1 1 03 28 e 	2693.098275	0.002800	3
2 1 1 03 26 e 	2654.858241	0.002600	3
2 1 1 03 11 f 	2456.536545	0.001000	3
2 1 1 03 24 e 	2619.396402	0.002400	3
2 1 1 03 22 e 	2586.713412	0.002200	3
2 1 1 03 9 f 	2441.965656	0.000800	3
2 1 1 03 20 e 	2556.809877	0.002000	3
2 1 1 03 18 e 	2529.686349	0.001800	3
2 1 1 03 16 e 	2505.343330	0.001600	3
2 1 1 03 7 f 	2430.169847	0.000600	3
2 1 1 03 14 e 	2483.781272	0.001400	3
2 1 1 03 12 e 	2465.000573	0.001200	3
2 1 1 03 10 e 	2449.001582	0.001000	3
2 1 1 03 8 e 	2435.784595	0.000800	3
0 1 1 01 82 e 	2360.935589	0.008200	5
0 2 2 01 81 f 	2964.519878	0.008100	5
0 1 1 01 80 e 	2248.042729	0.008000	7
0 2 2 01 79 f 	2852.877157	0.007900	5
1 2 2 02 55 f 	2924.715882	0.005500	5
0 1 1 01 78 e 	2137.898290	0.007800	9
0 2 2 01 77 f 	2743.986441	0.007700	5
0 1 1 01 83 f 	2414.992223	0.008200	5
0 2 2 01 82 e 	3021.088950	0.008100	5
1 2 2 02 53 f 	2848.990690	0.005300	5
1 2 2 02 56 e 	2963.592858	0.005500	5
0 1 1 01 81 f 	2300.886580	0.008000	5
0 2 2 01 80 e 	2908.100037	0.007900	5
0 1 1 01 76 e 	2030.503905	0.007600	9
0 2 2 01 75 f 	2637.849367	0.007500	6
1 2 2 02 51 f 	2776.033791	0.005100	5
1 2 2 02 54 e 	2886.487799	0.005300	5
0 1 1 01 79 f 	2189.524729	0.007800	7
0 2 2 01 78 e 	2797.859848	0.007700	5
0 1 1 01 74 e 	1925.861167	0.007400	9
0 2 2 01 73 f 	2534.467531	0.007300	7
1 2 2 02 52 e 	2812.149886	0.005100	5
1 2 2 02 49 f 	2705.846371	0.004900	5
0 1 1 01 77 f 	2080.908317	0.007600	9
0 2 2 01 76 e 	2690.370196	0.007500	5
0 1 1 01 72 e 	1823.971629	0.007200	9
0 2 2 01 71 f 	2433.842487	0.007100	8
1 2 2 02 50 e 	2740.580392	0.004900	5
0 1 1 01 75 f 	1975.038950	0.007400	9
0 2 2 01 74 e 	2585.632850	0.007300	7
1 2 2 02 47 f 	2638.429573	0.004700	6
0 1 1 01 70 e 	1724.836804	0.007000	9
0 2 2 01 69 f 	2335.975749	0.006900	9
1 2 2 02 48 e 	2671.780536	0.004700	6
0 1 1 01 73 f 	1871.918195	0.007200	9
0 2 2 01 72 e 	2483.649528	0.007100	7
0 3 3 01 70 e 	3045.840670	0.007000	5
0 1 1 01 68 e 	1628.458161	0.006800	9
0 2 2 01 67 f 	2240.868787	0.006700	9
0 2 2 01 70 e 	2384.421902	0.006900	8
0 3 3 01 69 f 	2997.162508	0.006800	5
0 1 1 01 71 f 	1771.547576	0.007000	9
0 3 3 01 68 e 	2949.185220	0.006800	5
0 1 1 01 66 e 	1534.837130	0.006600	9
0 2 2 01 65 f 	2148.523033	0.006500	15
0 2 2 01 68 e 	2287.951596	0.006700	10
0 3 3 01 67 f 	2901.890060	0.006600	5
0 1 1 01 69 f 	1673.928578	0.006800	9
0 3 3 01 66 e 	2855.294455	0.006600	5
0 1 1 01 64 e 	1443.975101	0.006400	10
0 2 2 01 66 e 	2194.240185	0.006500	13
0 3 3 01 65 f 	2809.382913	0.006400	5
0 1 1 01 67 f 	1579.062645	0.006600	9
0 3 3 01 64 e 	2764.169850	0.006400	5
0 1 1 01 62 e 	1355.873422	0.006200	12
0 1 1 01 65 f 	1486.951180	0.006400	10
0 3 3 01 63 f 	2719.642533	0.006200	5
0 3 3 01 62 e 	2675.812832	0.006200	6
0 1 1 01 63 f 	1397.595545	0.006200	11
0 1 1 01 60 e 	1270.533400	0.006000	15
0 3 3 01 61 f 	2632.670341	0.006000	6
0 3 3 01 60 e 	2590.224785	0.006000	7
0 1 1 01 61 f 	1310.997061	0.006000	15
0 3 3 01 59 f 	2548.467712	0.005800	7
0 1 1 01 58 e 	1187.956300	0.005800	15
0 3 3 01 58 e 	2507.407048	0.005800	7
0 1 1 01 59 f 	1227.157009	0.005800	15
0 3 3 01 57 f 	2467.035975	0.005600	8
0 1 1 01 56 e 	1108.143349	0.005600	15
0 3 3 01 56 e 	2427.360918	0.005600	8
0 4 4 01 56 e 	3087.953496	0.005500	3
0 1 1 01 57 f 	1146.076630	0.005600	15
1 3 3 02 36 e 	2964.075568	0.003600	3
0 3 3 01 55 f 	2388.376417	0.005400	8
0 1 1 01 54 e 	1031.095729	0.005400	17
0 4 4 01 55 f 	3048.899957	0.005500	3
1 3 3 02 35 f 	2938.987337	0.003400	5
0 3 3 01 54 e 	2350.087646	0.005400	8
0 4 4 01 54 e 	3010.540959	0.005300	5
0 1 1 01 55 f 	1067.757122	0.005400	15
1 3 3 02 34 e 	2914.594932	0.003400	5
0 3 3 01 53 f 	2312.490274	0.005200	8
0 1 1 01 52 e 	956.814585	0.005200	17
0 4 4 01 53 f 	2972.876722	0.005300	5
1 3 3 02 33 f 	2890.898211	0.003200	5
0 3 3 01 52 e 	2275.588442	0.005200	9
0 4 4 01 52 e 	2935.907337	0.005100	5
0 1 1 01 53 f 	992.199644	0.005200	17
1 3 3 02 32 e 	2867.897477	0.003200	5
0 3 3 01 51 f 	2239.378741	0.005000	9
0 1 1 01 50 e 	885.301017	0.005000	18
0 4 4 01 51 f 	2899.633002	0.005100	5
0 3 3 01 50 e 	2203.864468	0.005000	9
1 3 3 02 31 f 	2845.592654	0.003000	5
0 1 1 01 51 f 	919.405313	0.005000	18
0 4 4 01 50 e 	2864.053816	0.004900	5
0 3 3 01 49 f 	2169.042968	0.004800	9
1 3 3 02 30 e 	2823.983978	0.003000	5
0 4 4 01 49 f 	2829.169958	0.004900	5
0 1 1 01 48 e 	816.556088	0.004800	19
0 3 3 01 48 e 	2134.916846	0.004800	13
1 3 3 02 29 f 	2803.071421	0.002800	5
0 1 1 01 49 f 	849.375205	0.004800	19
0 4 4 01 48 e 	2794.981534	0.004700	5
0 3 3 01 47 f 	2101.484059	0.004600	15
1 3 3 02 28 e 	2782.855166	0.002800	5
0 4 4 01 47 f 	2761.488706	0.004700	5
0 1 1 01 46 e 	750.580816	0.004600	19
1 3 3 02 27 f 	2763.335220	0.002600	5
0 1 1 01 47 f 	782.110356	0.004600	19
0 4 4 01 46 e 	2728.691585	0.004500	5
1 3 3 02 26 e 	2744.511725	0.002600	5
0 4 4 01 45 f 	2696.590318	0.004500	5
0 1 1 01 44 e 	687.376180	0.004400	22
0 1 1 01 45 f 	717.611760	0.004400	20
1 3 3 02 25 f 	2726.384710	0.002400	5
0 4 4 01 44 e 	2665.185018	0.004300	6
1 3 3 02 24 e 	2708.954291	0.002400	5
0 4 4 01 43 f 	2634.475822	0.004300	6
0 1 1 01 42 e 	626.943119	0.004200	23
0 1 1 01 43 f 	655.880373	0.004200	23
1 3 3 02 23 f 	2692.220508	0.002200	5
0 4 4 01 42 e 	2604.462839	0.004100	6
1 3 3 02 22 e 	2676.183455	0.002200	5
0 4 4 01 41 f 	2575.146199	0.004100	7
0 1 1 01 40 e 	569.282528	0.004000	23
0 1 1 01 41 f 	596.917106	0.004000	23
1 3 3 02 21 f 	2660.843179	0.002000	5
0 4 4 01 40 e 	2546.526008	0.003900	7
1 3 3 02 20 e 	2646.199760	0.002000	5
0 4 4 01 39 f 	2518.602387	0.003900	7
0 1 1 01 38 e 	514.395264	0.003800	23
0 1 1 01 39 f 	540.722831	0.003800	23
1 3 3 02 19 f 	2632.253246	0.001800	5
0 4 4 01 38 e 	2491.375441	0.003700	7
1 3 3 02 18 e 	2619.003705	0.001800	5
0 4 4 01 37 f 	2464.845281	0.003700	7
0 1 1 01 36 e 	462.282139	0.003600	25
0 1 1 01 37 f 	487.298379	0.003600	24
1 3 3 02 17 f 	2606.451184	0.001600	5
0 4 4 01 36 e 	2439.012009	0.003500	7
0 4 4 01 35 f 	2413.875729	0.003500	7
1 3 3 02 16 e 	2594.595740	0.001600	5
0 1 1 01 35 f 	436.644541	0.003400	25
0 1 1 01 34 e 	412.943928	0.003400	25
0 4 4 01 34 e 	2389.436538	0.003300	8
1 3 3 02 15 f 	2583.437419	0.001400	5
0 4 4 01 33 f 	2365.694535	0.003300	8
1 3 3 02 14 e 	2572.976271	0.001400	5
0 1 1 01 33 f 	388.762066	0.003200	26
0 1 1 01 32 e 	366.381361	0.003200	26
0 5 5 01 33 f 	3025.371687	0.003200	3
0 4 4 01 32 e 	2342.649812	0.003100	8
1 3 3 02 13 f 	2563.212336	0.001200	5
0 5 5 01 32 e 	3002.285584	0.003200	3
0 4 4 01 31 f 	2320.302460	0.003100	8
1 3 3 02 12 e 	2554.145656	0.001200	5
0 1 1 01 31 f 	343.651661	0.003000	26
0 5 5 01 31 f 	2979.898092	0.003000	3
0 1 1 01 30 e 	322.595131	0.003000	26
0 4 4 01 30 e 	2298.652568	0.002900	8
1 1 1 01 52 e 	2325.660937	0.005200	8
1 2 2 01 51 f 	2963.298717	0.005100	8
1 3 3 02 11 f 	2545.776268	0.001000	5
0 5 5 01 30 e 	2958.209299	0.003000	3
1 1 1 01 55 f 	2435.742514	0.005400	8
1 2 2 01 54 e 	3073.726544	0.005300	4
0 4 4 01 29 f 	2277.700220	0.002900	8
0 1 1 01 29 f 	301.313993	0.002800	26
1 3 3 02 10 e 	2538.104208	0.001000	5
0 5 5 01 29 f 	2937.219294	0.002800	3
0 1 1 01 28 e 	281.585885	0.002800	26
0 4 4 01 28 e 	2257.445499	0.002700	8
1 1 1 01 50 e 	2254.019088	0.005000	8
1 2 2 01 49 f 	2893.022342	0.004900	9
1 3 3 02 9 f 	2531.129506	0.000800	5
1 1 1 01 53 f 	2360.124909	0.005200	8
1 2 2 01 52 e 	2999.315776	0.005100	7
0 5 5 01 28 e 	2916.928158	0.002800	3
0 4 4 01 27 f 	2237.888486	0.002700	9
0 1 1 01 27 f 	261.749689	0.002600	27
1 3 3 02 8 e 	2524.852192	0.000800	5
0 5 5 01 27 f 	2897.335973	0.002600	3
0 1 1 01 26 e 	243.354233	0.002600	28
0 4 4 01 26 e 	2219.029257	0.002500	9
1 1 1 01 48 e 	2185.151651	0.004800	10
1 2 2 01 47 f 	2825.521407	0.004700	10
1 1 1 01 51 f 	2287.273324	0.005000	8
1 2 2 01 50 e 	2927.675916	0.004900	8
1 3 3 02 7 f 	2519.272292	0.000600	5
0 5 5 01 26 e 	2878.442819	0.002600	4
0 4 4 01 25 f 	2200.867887	0.002500	9
0 1 1 01 25 f 	224.959333	0.002400	28
1 3 3 02 6 e 	2514.389829	0.000600	5
0 5 5 01 25 f 	2860.248770	0.002400	5
0 1 1 01 24 e 	207.900742	0.002400	28
0 4 4 01 24 e 	2183.404446	0.002300	9
1 1 1 01 49 f 	2217.188760	0.004800	10
1 2 2 01 48 e 	2858.808213	0.004700	9
1 1 1 01 46 e 	2119.059552	0.004600	12
1 2 2 01 45 f 	2760.796853	0.004500	10
0 5 5 01 24 e 	2842.753899	0.002400	5
0 4 4 01 23 f 	2166.639005	0.002300	9
0 1 1 01 23 f 	190.943470	0.002200	29
0 5 5 01 23 f 	2825.958275	0.002200	5
0 1 1 01 22 e 	175.225938	0.002200	29
1 1 1 01 47 f 	2149.872178	0.004600	12
1 2 2 01 46 e 	2792.713866	0.004500	10
0 4 4 01 22 e 	2150.571628	0.002100	9
1 1 1 01 44 e 	2055.743682	0.004400	12
1 2 2 01 43 f 	2698.849586	0.004300	10
0 5 5 01 22 e 	2809.861966	0.002200	5
0 4 4 01 21 f 	2135.202380	0.002100	9
0 1 1 01 21 f 	159.702603	0.002000	31
0 5 5 01 21 f 	2794.465035	0.002000	5
0 1 1 01 20 e 	145.330305	0.002000	31
1 1 1 01 45 f 	2085.324500	0.004400	12
1 2 2 01 44 e 	2729.394023	0.004300	10
0 4 4 01 20 e 	2120.531320	0.001900	9
1 2 2 02 58 e 	3043.463742	0.005700	4
1 1 1 01 42 e 	1995.204892	0.004200	12
1 2 2 01 41 f 	2639.680469	0.004100	10
1 2 2 02 60 e 	3126.099078	0.005900	2
0 5 5 01 20 e 	2779.767546	0.002000	5
1 2 2 02 62 e 	3211.497443	0.006300	1
0 1 1 01 19 f 	131.237193	0.001800	31
0 4 4 01 19 f 	2106.558506	0.001900	9
0 5 5 01 19 f 	2765.769555	0.001800	5
1 1 1 01 43 f 	2023.546615	0.004200	12
1 2 2 01 42 e 	2668.849782	0.004100	10
0 1 1 01 18 e 	118.214287	0.001800	31
0 4 4 01 18 e 	2093.283993	0.001700	9
1 1 1 01 40 e 	1937.443997	0.004000	12
1 2 2 01 39 f 	2583.290328	0.003900	11
0 5 5 01 18 e 	2752.471119	0.001800	5
1 3 3 02 3 f 	2503.927248	0.000400	3
1 3 3 02 4 e 	2506.717291	0.000400	2
1 3 3 02 5 f 	2510.204823	0.000400	3
0 1 1 01 17 f 	105.547662	0.001600	32
0 4 4 01 17 f 	2080.707834	0.001700	9
1 1 1 01 41 f 	1964.539371	0.004000	12
1 2 2 01 40 e 	2611.082190	0.003900	10
0 5 5 01 17 f 	2739.872290	0.001600	5
1 2 2 02 57 f 	3003.208136	0.005700	4
0 1 1 01 16 e 	93.878285	0.001600	32
1 2 2 02 59 f 	3084.466178	0.005900	2
0 4 4 01 16 e 	2068.830077	0.001500	9
1 3 3 02 37 f 	2989.859232	0.003600	2
1 3 3 02 38 e 	3016.338563	0.003800	2
1 3 3 02 39 f 	3043.513048	0.003800	2
1 3 3 02 40 e 	3071.383045	0.004000	2
1 2 2 02 61 f 	3168.488688	0.006100	2
1 3 3 02 41 f 	3099.947891	0.004000	2
1 3 3 02 42 e 	3129.208100	0.004200	2
1 1 1 01 38 e 	1882.461773	0.003800	12
1 2 2 01 37 f 	2529.679951	0.003700	11
1 3 3 02 43 f 	3159.162818	0.004200	2
0 5 5 01 16 e 	2727.973120	0.001600	5
1 3 3 02 44 e 	3189.812764	0.004400	1
1 3 3 02 45 f 	3221.156840	0.004600	1
0 1 1 01 15 f 	82.634389	0.001400	32
0 4 4 01 15 f 	2057.650771	0.001500	9
1 1 1 01 39 f 	1908.303578	0.003800	12
1 2 2 01 38 e 	2556.092245	0.003700	11
0 5 5 01 15 f 	2716.773655	0.001400	5
0 1 1 01 14 e 	72.322662	0.001400	32
0 4 4 01 14 e 	2047.169958	0.001300	9
1 1 1 01 36 e 	1830.258958	0.003600	12
1 2 2 01 35 f 	2478.850087	0.003500	12
0 5 5 01 14 e 	2706.273941	0.001400	5
0 1 1 01 13 f 	62.497714	0.001200	32
0 4 4 01 13 f 	2037.387681	0.001300	9
1 1 1 01 37 f 	1854.840011	0.003600	12
1 2 2 01 36 e 	2503.880893	0.003500	11
0 5 5 01 13 f 	2696.474018	0.001200	5
0 1 1 01 12 e 	53.547736	0.001200	32
0 4 4 01 12 e 	2028.303976	0.001100	9
1 1 1 01 34 e 	1780.836256	0.003400	12
1 2 2 01 33 f 	2430.801446	0.003300	12
0 5 5 01 12 e 	2687.373928	0.001200	4
0 1 1 01 11 f 	45.137933	0.001000	32
0 4 4 01 11 f 	2019.918881	0.001100	9
1 1 1 01 35 f 	1804.149405	0.003400	12
1 2 2 01 34 e 	2454.449032	0.003300	12
0 5 5 01 11 f 	2678.973704	0.001000	4
0 1 1 01 10 e 	37.553787	0.001000	31
0 4 4 01 10 e 	2012.232428	0.000900	8
1 1 1 01 32 e 	1734.194329	0.003200	14
1 2 2 01 31 f 	2385.534699	0.003100	12
0 5 5 01 10 e 	2671.273382	0.001000	3
1 1 1 01 33 f 	1756.232459	0.003200	14
1 2 2 01 32 e 	2407.797510	0.003100	12
0 1 1 01 9 f 	30.555304	0.000800	31
0 4 4 01 9 f 	2005.244647	0.000900	8
0 1 1 01 8 e 	24.341051	0.000800	29
0 4 4 01 8 e 	1998.955566	0.000700	8
1 1 1 01 30 e 	1690.333805	0.003000	14
1 2 2 01 29 f 	2343.050479	0.002900	13
1 1 1 01 31 f 	1711.089830	0.003000	14
1 2 2 01 30 e 	2363.927124	0.002900	12
0 1 1 01 7 f 	18.750042	0.000600	28
1 2 2 01 27 f 	2303.349380	0.002700	14
1 3 3 01 26 e 	2956.369855	0.002600	5
0 4 4 01 7 f 	1993.365210	0.000700	8
0 1 1 01 6 e 	13.909724	0.000600	29
1 2 2 01 26 e 	2284.532706	0.002500	14
1 3 3 01 25 f 	2938.230418	0.002400	5
0 4 4 01 6 e 	1988.473600	0.000500	8
1 1 1 01 28 e 	1649.255272	0.002800	15
1 1 1 01 29 f 	1668.722142	0.002800	14
1 2 2 01 28 e 	2322.838623	0.002700	12
0 1 1 01 5 f 	9.722322	0.000400	28
1 2 2 01 25 f 	2266.431956	0.002500	14
1 3 3 01 24 e 	2920.788198	0.002400	5
0 4 4 01 5 f 	1984.280756	0.000500	8
0 1 1 01 4 e 	6.259962	0.000400	28
1 2 2 01 24 e 	2249.010026	0.002300	14
1 3 3 01 23 f 	2904.043052	0.002200	5
0 4 4 01 4 e 	1980.786694	0.000300	6
1 1 1 01 27 f 	1629.129978	0.002600	15
1 1 1 01 26 e 	1610.959283	0.002600	15
0 1 1 01 3 f 	3.472277	0.000200	26
1 2 2 01 23 f 	2232.298724	0.002300	14
1 3 3 01 22 e 	2887.995209	0.002200	5
1 2 2 01 22 e 	2216.271183	0.002100	15
1 3 3 01 21 f 	2872.644604	0.002000	5
1 1 1 01 25 f 	1592.313884	0.002400	15
1 1 1 01 24 e 	1575.446350	0.002400	15
1 2 2 01 21 f 	2200.950161	0.002100	15
1 3 3 01 20 e 	2857.991393	0.002000	5
1 2 2 01 20 e 	2186.316733	0.001900	15
1 3 3 01 19 f 	2844.035557	0.001800	5
0 1 1 01 2 e 	1.391877	0.000200	23
1 1 1 01 23 f 	1558.274367	0.002200	15
1 1 1 01 22 e 	1542.716952	0.002200	15
1 2 2 01 19 f 	2172.386705	0.001900	15
1 3 3 01 18 e 	2830.777206	0.001800	5
0 5 5 01 5 f 	2643.271261	0.000400	3
0 5 5 01 6 e 	2647.471674	0.000600	2
0 5 5 01 7 f 	2652.372113	0.000600	2
0 5 5 01 8 e 	2657.972560	0.000800	2
0 5 5 01 9 f 	2664.272991	0.000800	2
1 2 2 01 18 e 	2159.147182	0.001700	15
1 3 3 01 17 f 	2818.216350	0.001600	5
0 1 1 01 1 f 	0.000000	0.000000	16
1 1 1 01 21 f 	1527.011897	0.002000	15
1 1 1 01 20 e 	1512.771528	0.002000	15
0 5 5 01 34 e 	3049.156308	0.003400	2
1 2 2 01 17 f 	2146.608756	0.001700	15
1 3 3 01 16 e 	2806.353067	0.001600	5
0 5 5 01 35 f 	3073.639352	0.003400	2
0 5 5 01 36 e 	3098.820721	0.003600	2
0 5 5 01 37 f 	3124.700314	0.003600	2
0 5 5 01 38 e 	3151.278029	0.003800	2
0 5 5 01 39 f 	3178.553758	0.003800	2
0 5 5 01 40 e 	3206.527392	0.004000	2
0 5 5 01 41 f 	3235.198820	0.004000	2
0 5 5 01 42 e 	3264.567926	0.004200	2
0 5 5 01 43 f 	3294.634594	0.004400	1
0 5 5 01 44 e 	3325.398701	0.004400	1
0 1 1 01 84 e 	2476.575192	0.008400	4
0 2 2 01 84 e 	3136.824722	0.008300	2
1 2 2 01 16 e 	2134.762987	0.001500	15
1 3 3 01 15 f 	2795.187380	0.001400	5
1 1 1 01 19 f 	1498.526904	0.001800	15
0 4 4 01 57 f 	3127.701500	0.005700	2
0 4 4 01 58 e 	3168.143720	0.005700	2
0 4 4 01 59 f 	3209.280101	0.005900	2
0 4 4 01 60 e 	3251.110358	0.005900	2
0 4 4 01 61 f 	3293.634464	0.006100	2
1 1 1 01 18 e 	1485.610479	0.001800	15
0 4 4 01 62 e 	3336.852089	0.006300	1
1 1 1 01 65 f 	2855.283305	0.006400	5
1 2 2 01 15 f 	2123.616674	0.001500	15
1 3 3 01 14 e 	2784.719347	0.001400	5
0 3 3 01 71 f 	3095.198743	0.007000	3
0 3 3 01 73 f 	3195.997206	0.007200	2
0 3 3 01 72 e 	3145.259292	0.007200	2
0 3 3 01 75 f 	3299.556292	0.007400	2
1 2 2 01 14 e 	2113.164561	0.001300	15
1 3 3 01 13 f 	2774.949000	0.001200	5
0 3 3 01 74 e 	3247.439526	0.007400	2
1 1 1 01 17 f 	1472.819782	0.001600	15
1 1 1 01 16 e 	1461.234170	0.001600	15
1 2 2 01 13 f 	2103.410781	0.001300	16
1 3 3 01 12 e 	2765.876380	0.001200	5
1 1 1 01 63 f 	2765.851873	0.006200	5
1 2 2 01 12 e 	2094.352265	0.001100	16
1 3 3 01 11 f 	2757.501519	0.001000	4
1 1 1 01 15 f 	1449.890886	0.001400	15
1 1 1 01 14 e 	1439.642929	0.001400	15
0 2 2 01 83 f 	3078.912926	0.008300	4
1 1 1 01 61 f 	2679.180913	0.006000	5
0 1 1 01 85 f 	2531.839970	0.008400	4
0 2 2 01 85 f 	3196.054581	0.008500	2
1 1 1 01 13 f 	1429.740531	0.001200	15
1 1 1 01 12 e 	1420.837044	0.001200	15
1 2 2 01 11 f 	2085.991359	0.001100	15
1 1 1 01 64 e 	2813.718018	0.006400	5
1 1 1 01 59 f 	2595.271608	0.005800	6
1 1 1 01 11 f 	1412.368996	0.001000	15
1 2 2 01 10 e 	2078.326416	0.000900	15
1 1 1 01 62 e 	2725.451278	0.006200	5
1 1 1 01 10 e 	1404.816768	0.001000	15
1 2 2 01 9 f 	2071.358653	0.000900	15
1 1 1 01 57 f 	2514.125105	0.005600	7
1 1 1 01 9 f 	1397.776521	0.000800	15
1 2 2 01 8 e 	2065.087283	0.000700	15
1 1 1 01 60 e 	2639.952594	0.006000	5
1 1 1 01 8 e 	1391.582317	0.000800	15
1 2 2 01 7 f 	2059.512866	0.000700	14
1 1 1 01 7 f 	1385.963306	0.000600	15
1 2 2 01 6 e 	2054.635087	0.000500	14
1 1 1 01 58 e 	2557.223122	0.005800	6
1 1 1 01 6 e 	1381.133867	0.000600	15
1 2 2 01 5 f 	2050.454165	0.000500	14
1 1 1 01 5 f 	1376.929515	0.000400	15
1 2 2 01 4 e 	2046.970005	0.000300	13
1 1 1 01 56 e 	2477.263975	0.005600	7
1 1 1 01 4 e 	1373.471559	0.000400	14
1 2 2 01 3 f 	2044.182676	0.000300	12
1 1 1 01 3 f 	1370.675273	0.000200	13
1 2 2 01 2 e 	2042.092164	0.000100	9
1 3 3 01 4 e 	2718.417144	0.000400	2
1 3 3 01 5 f 	2721.906934	0.000400	2
1 3 3 01 6 e 	2726.094652	0.000600	2
1 3 3 01 7 f 	2730.980283	0.000600	3
1 3 3 01 8 e 	2736.563808	0.000800	3
1 3 3 01 9 f 	2742.845205	0.000800	3
1 3 3 01 10 e 	2749.824452	0.001000	3
1 1 1 01 54 e 	2400.076234	0.005400	7
1 3 3 01 27 f 	2975.206175	0.002600	4
1 3 3 01 28 e 	2994.739638	0.002800	4
1 3 3 01 29 f 	3014.969754	0.002800	4
1 3 3 01 30 e 	3035.896957	0.003000	4
1 3 3 01 31 f 	3057.520540	0.003000	3
1 3 3 01 32 e 	3079.841183	0.003200	3
1 3 3 01 33 f 	3102.857875	0.003200	3
1 3 3 01 34 e 	3126.571643	0.003400	3
1 3 3 01 35 f 	3150.981057	0.003400	3
1 3 3 01 36 e 	3176.087621	0.003600	3
1 3 3 01 37 f 	3201.889339	0.003800	2
1 3 3 01 39 f 	3255.581930	0.004000	2
1 3 3 01 38 e 	3228.388357	0.003800	2
1 1 1 01 2 e 	1368.595496	0.000200	12
1 3 3 01 3 f 	2715.625296	0.000200	1
1 2 2 01 58 e 	3230.855559	0.005700	3
1 2 2 01 56 e 	3150.906922	0.005500	3
1 1 1 01 1 f 	1367.200666	0.000200	8
1 2 2 01 53 f 	3036.349552	0.005300	3
1 2 2 01 55 f 	3112.173829	0.005500	3
1 2 2 01 57 f 	3190.770488	0.005700	3
1 2 2 01 59 f 	3272.138436	0.005900	2
1 1 1 01 69 f 	3042.422666	0.006800	4
1 1 1 01 67 f 	2947.473988	0.006600	4
1 1 1 01 66 e 	2904.751623	0.006600	4
1 1 1 01 68 e 	2998.550864	0.006800	3
2 1 1 02 29 f 	2867.913506	0.002800	3
2 1 1 02 27 f 	2828.379987	0.002600	3
2 1 1 02 25 f 	2791.618329	0.002400	3
2 1 1 02 23 f 	2757.629058	0.002200	3
2 1 1 02 21 f 	2726.412664	0.002000	3
2 1 1 02 19 f 	2697.969594	0.001800	3
2 1 1 02 17 f 	2672.300258	0.001600	3
2 1 1 02 15 f 	2649.405024	0.001400	3
2 1 1 02 13 f 	2629.284222	0.001200	3
2 1 1 02 11 f 	2611.938141	0.001000	3
2 1 1 02 30 e 	2889.598383	0.003000	3
2 1 1 02 28 e 	2848.567527	0.002800	3
2 1 1 02 26 e 	2810.315847	0.002600	3
2 1 1 02 9 f 	2597.367031	0.000800	3
2 1 1 02 24 e 	2774.843886	0.002400	3
2 1 1 02 22 e 	2742.152146	0.002200	3
2 1 1 02 20 e 	2712.241091	0.002000	3
2 1 1 02 7 f 	2585.571102	0.000600	3
2 1 1 02 18 e 	2685.111144	0.001800	3
2 1 1 02 16 e 	2660.762691	0.001600	3
2 1 1 02 14 e 	2639.196076	0.001400	3
2 1 1 02 12 e 	2620.411606	0.001200	3
2 1 1 02 10 e 	2604.409547	0.001000	3
2 1 1 02 8 e 	2591.190126	0.000800	3
2 1 1 01 29 f 	3055.883821	0.003000	2
2 1 1 01 27 f 	3016.260734	0.002800	2
2 1 1 01 25 f 	2979.416045	0.002600	2
2 1 1 01 23 f 	2945.350223	0.002400	2
2 1 1 01 21 f 	2914.063707	0.002200	2
2 1 1 01 19 f 	2885.556898	0.002000	2
2 1 1 01 17 f 	2859.830163	0.001800	2
2 1 1 01 15 f 	2836.883834	0.001600	1
2 1 1 01 13 f 	2816.718206	0.001400	1
2 1 1 01 11 f 	2799.333538	0.001200	1
2 1 1 01 9 f 	2784.730056	0.001000	1
2 1 1 01 8 e 	2778.558174	0.000800	1
2 1 1 01 10 e 	2791.816848	0.001000	1
2 1 1 01 12 e 	2807.866476	0.001200	1
2 1 1 01 14 e 	2826.706862	0.001400	1
2 1 1 01 16 e 	2848.337772	0.001600	2
2 1 1 01 18 e 	2872.758941	0.001800	2
2 1 1 01 20 e 	2899.970069	0.002000	2
2 1 1 01 22 e 	2929.970820	0.002200	2
2 1 1 01 24 e 	2962.760826	0.002400	2
2 1 1 01 26 e 	2998.339683	0.002600	2
0 2 2 01 86 e 	3255.305442	0.008500	1
0 1 1 11 32 e 	2664.804891	0.003100	9
0 1 1 11 31 f 	2643.246437	0.003100	9
0 1 1 11 30 e 	2621.421335	0.002900	9
0 1 1 11 29 f 	2601.179898	0.002900	9
0 1 1 11 28 e 	2580.789221	0.002700	9
0 1 1 11 27 f 	2561.868936	0.002700	9
0 1 1 11 26 e 	2542.909153	0.002500	9
0 1 1 11 25 f 	2525.314138	0.002500	9
0 1 1 11 24 e 	2507.781694	0.002300	9
0 1 1 11 23 f 	2491.516049	0.002300	9
0 1 1 11 22 e 	2475.407365	0.002100	9
0 1 1 11 21 f 	2460.475174	0.002100	9
0 1 1 11 20 e 	2445.786648	0.001900	9
0 1 1 11 19 f 	2432.191976	0.001900	9
0 1 1 11 18 e 	2418.919982	0.001700	9
0 1 1 11 17 f 	2406.666876	0.001700	9
0 1 1 11 16 e 	2394.807768	0.001500	9
0 1 1 11 15 f 	2383.900256	0.001500	9
0 1 1 11 14 e 	2373.450362	0.001300	9
0 1 1 11 13 f 	2363.892455	0.001300	9
0 1 1 11 12 e 	2354.848083	0.001100	9
0 1 1 11 11 f 	2346.643772	0.001100	9
0 1 1 11 10 e 	2339.001206	0.000900	9
0 1 1 11 9 f 	2332.154463	0.000900	9
0 1 1 11 8 e 	2325.909968	0.000700	9
0 1 1 11 7 f 	2320.424746	0.000700	9
0 1 1 11 6 e 	2315.574562	0.000500	9
0 1 1 11 5 f 	2311.454795	0.000500	9
0 1 1 11 4 e 	2307.995142	0.000300	8
0 1 1 11 33 f 	2688.067927	0.003300	8
0 1 1 11 34 e 	2710.939244	0.003300	8
0 1 1 11 43 f 	2953.474776	0.004300	7
0 1 1 11 42 e 	2922.970316	0.004100	7
0 1 1 11 41 f 	2894.889391	0.004100	7
0 1 1 11 40 e 	2865.840034	0.003900	7
0 1 1 11 39 f 	2839.055200	0.003900	7
0 1 1 11 38 e 	2811.457563	0.003700	7
0 1 1 11 37 f 	2785.973038	0.003700	7
0 1 1 11 36 e 	2759.823710	0.003500	7
0 1 1 11 35 f 	2735.643697	0.003500	7
0 1 1 11 3 f 	2305.244744	0.000300	7
0 1 1 11 2 e 	2303.171821	0.000100	8
0 1 1 11 1 f 	2301.794685	0.000100	6
0 1 1 11 44 e 	2982.847560	0.004300	6
0 1 1 11 45 f 	3014.810483	0.004500	6
0 1 1 11 46 e 	3045.470877	0.004500	6
1 2 2 01 60 e 	3313.571058	0.006100	1
2 1 1 01 28 e 	3036.706952	0.003000	1
0 1 1 01 94 e 	3095.912898	0.009400	2
0 1 1 11 93 f 	5308.972276	0.009300	2
0 2 2 11 82 e 	5292.642961	0.008200	2
0 1 1 01 93 f 	3026.616824	0.009200	2
0 1 1 11 92 e 	5241.068846	0.009100	2
0 2 2 11 81 f 	5235.998660	0.008000	2
0 1 1 01 92 e 	2966.566124	0.009200	2
0 1 1 11 91 f 	5181.997538	0.009100	2
0 3 3 11 69 f 	5261.645525	0.006900	2
0 2 2 11 80 e 	5180.500496	0.008000	2
0 1 1 01 91 f 	2898.818350	0.009000	2
0 1 1 11 90 e 	5115.624929	0.008900	2
0 3 3 11 68 e 	5214.027015	0.006700	2
0 2 2 11 79 f 	5125.245258	0.007800	2
0 1 1 01 90 e 	2839.957108	0.009000	2
0 1 1 11 89 f 	5057.739872	0.008900	2
0 3 3 11 67 f 	5167.101697	0.006700	2
1 1 1 02 73 f 	3081.830073	0.007200	2
1 1 1 12 72 e 	5299.938317	0.007100	4
0 2 2 11 78 e 	5071.087797	0.007800	2
1 1 1 11 68 e 	5260.794120	0.006700	4
0 3 3 11 66 e 	5120.855766	0.006500	2
1 1 1 02 72 e 	3034.749455	0.007200	2
1 1 1 12 71 f 	5253.773895	0.007100	4
1 1 1 11 67 f 	5217.676605	0.006700	4
0 1 1 01 89 f 	2773.754823	0.008800	2
0 1 1 11 88 e 	4992.895409	0.008700	2
0 2 2 11 77 f 	5017.220349	0.007600	2
0 4 4 11 53 f 	5230.473498	0.005200	2
0 3 3 11 65 f 	5075.302125	0.006500	2
0 1 1 01 88 e 	2716.087729	0.008800	2
0 1 1 11 87 f 	4936.201131	0.008700	2
1 1 1 02 71 f 	2981.550026	0.007000	2
1 1 1 12 70 e 	5201.788427	0.006900	4
0 2 2 11 76 e 	4964.406517	0.007600	2
1 1 1 11 66 e 	5167.950979	0.006500	4
0 4 4 11 52 e 	5193.784019	0.005200	2
0 3 3 11 64 e 	5030.429402	0.006300	2
1 1 1 02 70 e 	2935.663249	0.007000	2
1 1 1 12 69 f 	5156.815089	0.006900	4
1 1 1 11 65 f 	5125.987079	0.006500	4
1 2 2 12 57 f 	5264.728009	0.005600	4
0 1 1 01 87 f 	2651.428093	0.008600	2
0 1 1 11 86 e 	4872.882107	0.008500	2
0 2 2 11 75 f 	4911.925704	0.007400	2
0 4 4 11 51 f 	5157.784292	0.005000	2
0 3 3 11 63 f 	4986.248249	0.006300	2
1 2 2 12 56 e 	5225.452639	0.005600	4
1 1 1 02 69 f 	2884.017846	0.006800	2
1 1 1 12 68 e 	5106.366374	0.006700	4
0 1 1 01 86 e 	2594.959825	0.008600	2
0 1 1 11 85 f 	4817.383128	0.008500	2
1 1 1 11 64 e 	5077.845074	0.006300	4
0 2 2 11 74 e 	4860.458265	0.007400	2
0 4 4 11 50 e 	5122.474493	0.005000	2
0 3 3 11 62 e 	4942.749352	0.006100	2
1 2 2 12 55 f 	5186.835115	0.005400	4
1 1 1 02 68 e 	2839.330158	0.006800	2
1 1 1 12 67 f 	5062.588834	0.006700	4
1 1 1 11 63 f 	5037.042054	0.006300	4
1 2 2 11 51 f 	5222.641091	0.005000	4
0 2 2 11 73 f 	4809.363048	0.007200	2
0 1 1 11 84 e 	4755.586807	0.008300	2
0 4 4 11 49 f 	5087.854732	0.004800	2
0 3 3 11 61 f 	4899.941463	0.006100	2
1 2 2 12 54 e 	5148.929685	0.005400	4
1 2 2 11 50 e 	5187.558267	0.005000	4
1 1 1 02 67 f 	2789.235072	0.006600	2
1 1 1 12 66 e 	5013.673570	0.006500	4
1 1 1 11 62 e 	4990.477633	0.006100	4
0 1 1 11 83 f 	4701.287636	0.008300	2
0 4 4 11 48 e 	5053.925170	0.004800	2
0 2 2 11 72 e 	4759.244610	0.007200	2
0 3 3 11 60 e 	4857.816999	0.005900	2
1 2 2 12 53 f 	5111.687535	0.005200	4
1 2 2 11 49 f 	5152.926051	0.004800	4
1 1 1 02 66 e 	2745.751747	0.006600	2
1 1 1 12 65 f 	4971.096673	0.006500	4
1 1 1 11 61 f 	4950.842730	0.006100	4
0 4 4 11 47 f 	5020.685922	0.004600	2
0 2 2 11 71 f 	4709.534055	0.007000	2
0 1 1 11 82 e 	4641.011250	0.008100	2
0 3 3 11 59 f 	4816.383118	0.005900	2
1 2 2 12 52 e 	5075.153073	0.005200	4
1 2 2 11 48 e 	5119.200784	0.004800	4
1 1 1 02 65 f 	2697.203205	0.006400	2
1 1 1 12 64 e 	4923.711418	0.006300	4
0 4 4 11 46 e 	4988.137135	0.004600	2
1 1 1 11 60 e 	4905.849843	0.005900	4
0 2 2 11 70 e 	4660.767078	0.007000	2
0 1 1 11 81 f 	4587.916387	0.008100	2
1 2 2 12 51 f 	5039.286502	0.005000	4
1 2 2 11 47 f 	5085.962756	0.004600	4
0 3 3 11 58 e 	4775.633684	0.005700	2
1 1 1 12 63 f 	4882.340107	0.006300	4
1 1 1 11 59 f 	4867.390272	0.005900	4
0 4 4 11 45 f 	4956.278923	0.004400	2
0 2 2 11 69 f 	4612.440356	0.006800	2
1 2 2 11 46 e 	5053.597833	0.004600	4
1 2 2 12 50 e 	5004.123948	0.005000	4
0 3 3 11 57 f 	4735.574520	0.005700	2
0 1 1 11 80 e 	4529.157137	0.007900	2
0 4 4 11 44 e 	4925.111424	0.004400	2
1 1 1 12 62 e 	4836.481303	0.006100	4
1 1 1 11 58 e 	4823.962860	0.005700	4
1 2 2 11 45 f 	5021.752337	0.004400	4
0 2 2 11 68 e 	4565.027157	0.006800	2
1 2 2 12 49 f 	4969.633174	0.004800	4
0 3 3 11 56 e 	4696.200699	0.005500	2
0 1 1 11 79 f 	4477.271073	0.007900	2
0 4 4 11 43 f 	4894.634751	0.004200	2
1 1 1 12 61 f 	4796.320595	0.006100	4
1 1 1 11 57 f 	4786.685802	0.005700	4
1 2 2 11 44 e 	4990.750325	0.004400	4
1 2 2 12 48 e 	4935.843379	0.004800	4
0 2 2 11 67 f 	4518.083532	0.006600	2
0 3 3 11 55 f 	4657.516933	0.005500	2
0 4 4 11 42 e 	4864.849033	0.004200	2
0 1 1 11 78 e 	4420.026130	0.007700	2
1 1 1 12 60 e 	4751.984579	0.005900	4
1 3 3 12 34 e 	5169.618590	0.003300	4
1 1 1 11 56 e 	4744.817799	0.005500	4
1 2 2 11 43 f 	4960.295880	0.004200	4
1 2 2 12 47 f 	4902.728623	0.004600	4
0 3 3 11 54 e 	4619.519297	0.005300	2
0 2 2 11 66 e 	4472.026291	0.006600	2
0 4 4 11 41 f 	4835.754379	0.004000	2
0 1 1 11 77 f 	4369.353346	0.007700	2
1 1 1 11 55 f 	4708.730409	0.005500	4
1 1 1 12 59 f 	4713.039551	0.005900	4
1 3 3 12 33 f 	5146.100519	0.003300	4
1 2 2 11 42 e 	4930.659134	0.004200	4
1 2 2 12 46 e 	4870.312344	0.004600	4
2 1 1 03 39 f 	2951.681885	0.003800	2
2 1 1 13 38 e 	5183.624962	0.003700	6
0 3 3 11 53 f 	4582.211578	0.005300	2
0 4 4 11 40 e 	4807.350911	0.004000	2
0 2 2 11 65 f 	4426.465116	0.006400	2
1 3 3 12 32 e 	5123.273013	0.003100	4
1 1 1 12 58 e 	4670.222570	0.005700	4
1 1 1 11 54 e 	4668.415741	0.005300	4
0 1 1 11 76 e 	4313.619848	0.007500	2
1 2 2 11 41 f 	4901.594420	0.004000	4
2 1 1 03 38 e 	2925.944864	0.003800	2
2 1 1 13 37 f 	5158.700774	0.003700	6
1 2 2 12 45 f 	4838.573806	0.004400	4
0 3 3 11 52 e 	4545.590681	0.005100	2
0 4 4 11 39 f 	4779.638736	0.003800	2
1 3 3 12 31 f 	5101.136320	0.003100	4
0 2 2 11 64 e 	4381.765883	0.006400	2
1 1 1 11 53 f 	4633.525143	0.005300	4
1 1 1 12 57 f 	4632.498346	0.005700	4
1 2 2 11 40 e 	4873.325096	0.004000	4
0 1 1 11 75 f 	4264.164814	0.007500	2
2 1 1 03 37 f 	2898.308580	0.003600	2
2 1 1 13 36 e 	5132.023596	0.003500	6
1 2 2 12 44 e 	4807.531689	0.004400	4
0 5 5 11 24 e 	5094.171506	0.002300	2
0 4 4 11 38 e 	4752.617966	0.003800	2
0 3 3 11 51 f 	4509.659632	0.005100	2
1 3 3 12 30 e 	5079.690407	0.002900	4
0 2 2 11 63 f 	4337.586598	0.006200	2
2 1 1 03 36 e 	2873.825467	0.003600	2
2 1 1 13 35 f 	5108.347700	0.003500	6
1 2 2 11 39 f 	4845.648945	0.003800	4
1 1 1 12 56 e 	4591.196560	0.005500	4
1 1 1 11 52 e 	4594.757730	0.005100	4
1 2 2 12 43 f 	4777.169515	0.004200	4
0 5 5 11 23 f 	5077.501483	0.002300	2
0 1 1 11 74 e 	4209.939873	0.007300	2
0 4 4 11 37 f 	4726.288706	0.003600	2
1 3 3 12 29 f 	5058.935466	0.002900	4
0 3 3 11 50 e 	4474.416012	0.004900	2
0 2 2 11 62 e 	4294.247297	0.006200	2
1 1 1 11 51 f 	4561.071016	0.005100	4
1 2 2 11 38 e 	4818.749010	0.003800	4
2 1 1 03 35 f 	2847.702403	0.003400	2
2 1 1 13 34 e 	5083.169089	0.003300	6
1 1 1 12 55 f 	4554.698307	0.005500	4
0 5 5 11 22 e 	5061.525547	0.002100	2
1 2 2 12 42 e 	4747.502053	0.004200	4
1 3 3 12 28 e 	5038.871498	0.002700	4
0 4 4 11 36 e 	4700.651061	0.003600	2
0 1 1 11 73 f 	4161.707048	0.007300	2
0 3 3 11 49 f 	4439.862227	0.004900	2
2 1 1 03 34 e 	2824.480225	0.003400	2
2 1 1 13 33 f 	5060.748419	0.003300	6
0 2 2 11 61 f 	4251.449416	0.006000	2
1 2 2 11 37 f 	4792.460394	0.003600	4
0 5 5 11 21 f 	5046.243762	0.002100	2
2 1 1 02 31 f 	2910.218317	0.003000	2
2 1 1 12 30 e 	5146.634748	0.002900	8
1 2 2 12 41 f 	4718.516263	0.004000	4
1 1 1 12 54 e 	4514.907798	0.005300	4
1 1 1 11 50 e 	4523.844773	0.004900	4
1 3 3 12 27 f 	5019.498657	0.002700	4
0 4 4 11 35 f 	4675.705130	0.003400	2
0 3 3 11 48 e 	4405.996409	0.004700	2
0 1 1 11 72 e 	4108.987744	0.007100	2
2 1 1 12 29 f 	5126.782342	0.002900	8
0 5 5 11 20 e 	5031.656188	0.001900	2
2 1 1 03 33 f 	2799.864232	0.003200	2
2 1 1 13 32 e 	5037.062294	0.003100	6
1 2 2 11 36 e 	4766.931635	0.003600	4
0 1 1 11 49 f 	3145.729160	0.004900	5
0 1 1 21 48 e 	5383.016013	0.004800	2
1 1 1 11 49 f 	4491.369003	0.004900	4
0 2 2 11 60 e 	4209.471854	0.006000	2
1 2 2 12 40 e 	4690.223698	0.004000	4
1 1 1 12 53 f 	4479.640720	0.005300	4
1 3 3 12 26 e 	5000.816966	0.002500	4
0 4 4 11 34 e 	4651.451013	0.003400	2
0 3 3 11 47 f 	4372.820455	0.004700	2
2 1 1 03 32 e 	2777.910049	0.003200	2
2 1 1 13 31 f 	5015.903819	0.003100	6
0 5 5 11 19 f 	5017.762884	0.001900	2
0 1 1 11 71 f 	4061.981576	0.007100	2
2 1 1 12 28 e 	5106.032484	0.002700	8
1 2 2 11 35 f 	4742.029657	0.003400	4
0 1 1 11 48 e 	3110.839337	0.004700	5
0 1 1 21 47 f 	5349.146223	0.004600	2
1 2 2 12 39 f 	4662.614014	0.003800	4
1 3 3 12 25 f 	4982.826549	0.002500	4
0 2 2 11 59 f 	4168.054962	0.005800	2
0 4 4 11 33 f 	4627.888804	0.003200	2
1 1 1 11 48 e 	4455.677841	0.004700	4
1 1 1 12 52 e 	4441.357491	0.005100	4
0 5 5 11 18 e 	5004.563905	0.001700	2
0 3 3 11 46 e 	4340.332942	0.004500	2
2 1 1 12 27 f 	5087.451226	0.002700	8
2 1 1 03 31 f 	2754.794900	0.003000	2
2 1 1 13 30 e 	4993.704018	0.002900	6
1 2 2 11 34 e 	4717.873692	0.003400	4
1 3 3 12 24 e 	4965.527445	0.002300	4
0 1 1 11 47 f 	3078.895596	0.004700	5
0 1 1 21 46 e 	5318.071884	0.004600	2
1 2 2 12 38 e 	4635.696067	0.003800	4
0 1 1 11 70 e 	4010.764960	0.006900	2
1 1 1 11 47 f 	4424.420042	0.004700	4
0 4 4 11 32 e 	4605.018597	0.003200	2
1 1 1 12 51 f 	4407.326824	0.005100	4
0 2 2 11 58 e 	4127.440832	0.005800	2
0 5 5 11 17 f 	4992.059302	0.001700	2
2 1 1 03 30 e 	2734.115796	0.003000	2
2 1 1 13 29 f 	4973.814741	0.002900	6
0 3 3 11 45 f 	4308.535360	0.004500	2
2 1 1 12 26 e 	5068.180362	0.002500	8
1 2 2 11 33 f 	4694.357578	0.003200	4
1 3 3 12 23 f 	4948.919754	0.002300	4
1 2 2 12 37 f 	4609.461433	0.003600	4
0 1 1 11 69 f 	3964.989887	0.006900	2
0 1 1 21 45 f 	5285.652465	0.004400	2
0 4 4 11 31 f 	4582.840483	0.003000	2
0 5 5 11 16 e 	4980.249127	0.001500	2
1 1 1 11 46 e 	4390.257864	0.004500	4
0 2 2 11 57 f 	4087.404585	0.005600	3
1 1 1 12 50 e 	4370.546806	0.004900	4
2 1 1 12 25 f 	5050.877817	0.002500	8
2 1 1 13 28 e 	4953.095020	0.002700	6
0 3 3 11 44 e 	4277.426641	0.004300	3
1 2 2 11 32 e 	4671.575865	0.003200	5
1 3 3 12 22 e 	4933.003522	0.002100	4
1 2 2 12 36 e 	4583.916442	0.003600	4
0 1 1 21 44 e 	5255.855004	0.004400	2
0 4 4 11 30 e 	4561.354546	0.003000	2
0 5 5 11 15 f 	4969.133425	0.001500	2
1 1 1 11 45 f 	4360.225034	0.004500	4
1 1 1 12 49 f 	4337.757814	0.004900	4
0 1 1 11 68 e 	3915.272980	0.006700	2
0 2 2 11 56 e 	4048.155472	0.005600	3
2 1 1 13 27 f 	4934.481972	0.002700	6
2 1 1 12 24 e 	5033.078918	0.002300	8
1 3 3 12 21 f 	4917.778834	0.002100	4
1 2 2 11 31 f 	4649.444951	0.003000	5
0 3 3 11 43 f 	4247.007947	0.004300	3
1 2 2 12 35 f 	4559.053346	0.003400	4
0 4 4 11 29 f 	4540.560874	0.002800	2
0 5 5 11 14 e 	4958.712240	0.001300	2
0 1 1 21 43 f 	5224.882737	0.004200	2
2 1 1 12 23 f 	5017.062633	0.002300	8
1 1 1 11 44 e 	4327.585742	0.004300	4
2 1 1 13 26 e 	4915.236012	0.002500	6
0 1 1 11 67 f 	3870.733425	0.006700	2
1 1 1 12 48 e 	4302.476869	0.004700	4
2 3 3 01 36 e 	4585.305587	0.003600	4
0 2 2 11 55 f 	4009.499584	0.005400	3
1 3 3 12 20 e 	4903.245737	0.001900	4
1 2 2 11 30 e 	4628.038799	0.003000	5
0 3 3 11 42 e 	4217.278491	0.004100	3
1 2 2 12 34 e 	4534.874847	0.003400	4
0 5 5 11 13 f 	4948.985615	0.001300	2
0 4 4 11 28 e 	4520.459546	0.002800	2
0 1 1 21 42 e 	5196.366306	0.004200	2
2 3 3 01 35 f 	4560.194152	0.003400	4
1 1 1 11 43 f 	4298.784842	0.004300	5
2 1 1 13 25 f 	4897.906248	0.002500	6
2 1 1 12 22 e 	5000.728653	0.002100	8
1 1 1 12 47 f 	4270.934841	0.004700	4
1 3 3 12 19 f 	4889.404306	0.001900	4
0 2 2 11 54 e 	3971.616969	0.005400	3
1 2 2 11 29 f 	4607.292524	0.002800	5
0 1 1 11 66 e 	3822.513222	0.006500	2
0 5 5 11 12 e 	4939.953587	0.001100	2
0 3 3 11 41 f 	4188.239175	0.004100	3
1 2 2 12 33 f 	4511.369959	0.003200	4
0 4 4 11 27 f 	4501.050642	0.002600	3
2 3 3 01 34 e 	4535.789074	0.003400	4
2 1 1 12 21 f 	4986.006151	0.002100	8
0 1 1 21 41 f 	5166.837947	0.004000	2
2 1 1 13 24 e 	4880.127659	0.002300	6
1 3 3 12 18 e 	4876.254587	0.001700	4
1 1 1 11 42 e 	4267.662331	0.004100	5
1 2 2 11 28 e 	4587.263100	0.002800	5
1 1 1 12 46 e 	4237.148766	0.004500	4
2 3 3 01 33 f 	4512.091972	0.003200	4
0 2 2 11 53 f 	3934.341213	0.005200	3
1 2 2 12 32 e 	4488.531470	0.003200	4
0 1 1 11 65 f 	3779.213601	0.006500	3
0 3 3 11 40 e 	4159.889431	0.003900	3
0 4 4 11 26 e 	4482.334240	0.002600	3
2 1 1 13 23 f 	4864.088257	0.002300	6
0 1 1 21 40 e 	5139.606683	0.004000	2
2 1 1 12 20 e 	4971.130026	0.001900	8
1 3 3 12 17 f 	4863.796642	0.001700	4
1 1 1 11 41 f 	4240.100292	0.004100	5
2 3 3 01 32 e 	4489.118345	0.003200	4
1 2 2 11 27 f 	4567.900995	0.002600	5
1 1 1 12 45 f 	4206.859013	0.004500	5
2 3 3 01 31 f 	4466.338719	0.003000	4
0 4 4 11 25 f 	4464.310412	0.002400	3
0 2 2 11 52 e 	3897.826480	0.005200	3
0 3 3 11 39 f 	4132.229959	0.003900	3
2 1 1 12 19 f 	4957.708812	0.001900	8
0 1 1 11 64 e 	3732.487065	0.006300	3
2 1 1 13 22 e 	4847.770577	0.002100	6
1 3 3 12 16 e 	4852.030519	0.001500	4
1 2 2 12 31 f 	4466.882218	0.003000	4
0 1 1 21 39 f 	5111.518961	0.003800	2
2 3 3 01 30 e 	4444.790192	0.003000	4
1 2 2 11 26 e 	4549.249338	0.002600	5
1 1 1 11 40 e 	4210.488454	0.003900	5
1 1 1 12 44 e 	4174.563537	0.004300	5
0 4 4 11 24 e 	4446.979229	0.002400	3
0 3 3 11 38 e 	4105.260361	0.003700	3
0 2 2 11 51 f 	3861.930677	0.005000	3
2 1 1 12 18 e 	4944.283456	0.001700	8
2 1 1 13 21 f 	4833.028631	0.002100	6
1 3 3 12 15 f 	4840.956269	0.001500	4
1 2 2 12 30 e 	4445.391007	0.003000	5
0 1 1 11 63 f 	3690.431776	0.006300	3
2 3 3 01 29 f 	4423.898245	0.002800	4
0 1 1 21 38 e 	5085.576989	0.003800	2
1 1 1 11 39 f 	4184.172173	0.003900	5
1 2 2 11 25 f 	4531.271020	0.002400	5
1 1 1 12 43 f 	4145.531391	0.004300	5
0 4 4 11 23 f 	4430.340760	0.002200	3
2 1 1 12 17 f 	4932.171015	0.001700	9
0 3 3 11 37 f 	4078.981174	0.003700	3
1 3 3 12 14 e 	4830.573935	0.001300	4
2 1 1 13 20 e 	4818.165334	0.001900	6
2 3 3 01 28 e 	4403.683444	0.002800	4
1 2 2 12 29 f 	4424.627753	0.002800	5
0 2 2 11 50 e 	3826.785119	0.005000	3
0 1 1 21 37 f 	5058.926605	0.003600	2
1 2 2 11 24 e 	4513.998040	0.002400	5
0 1 1 11 62 e 	3645.195844	0.006100	3
0 4 4 11 22 e 	4414.395069	0.002200	3
1 1 1 11 38 e 	4156.064894	0.003700	5
2 3 3 01 27 f 	4384.154024	0.002600	4
2 1 1 12 16 e 	4920.189327	0.001500	9
1 3 3 12 13 f 	4820.883564	0.001300	5
2 1 1 13 19 f 	4804.727955	0.001900	6
1 1 1 12 42 e 	4114.722182	0.004100	5
0 3 3 11 36 e 	4053.392132	0.003500	3
1 2 2 12 28 e 	4404.576028	0.002800	5
0 2 2 11 49 f 	3792.269139	0.004800	3
0 1 1 21 36 e 	5034.278032	0.003600	2
1 2 2 11 23 f 	4497.403202	0.002200	5
2 3 3 01 26 e 	4365.316753	0.002600	4
0 1 1 11 61 f 	3604.389279	0.006100	3
1 1 1 11 37 f 	4131.001235	0.003700	5
0 4 4 11 21 f 	4399.142219	0.002000	3
2 1 1 12 15 f 	4909.393121	0.001500	9
1 3 3 12 12 e 	4811.885193	0.001100	5
2 1 1 13 18 e 	4791.312451	0.001700	6
1 1 1 12 41 f 	4086.952994	0.004100	5
1 2 2 12 27 f 	4385.224481	0.002600	5
0 3 3 11 35 f 	4028.493649	0.003500	3
0 2 2 11 48 e 	3758.493959	0.004800	3
1 2 2 11 22 e 	4481.509700	0.002200	5
0 1 1 21 35 f 	5009.061665	0.003400	2
0 4 4 11 20 e 	4384.582272	0.002000	3
1 3 3 12 11 f 	4803.578862	0.001100	5
2 1 1 12 14 e 	4898.847979	0.001300	9
2 1 1 13 17 f 	4779.186759	0.001700	6
1 1 1 11 36 e 	4104.392399	0.003500	5
0 1 1 11 60 e 	3560.640857	0.005900	3
1 2 2 12 26 e 	4366.569191	0.002600	5
1 1 1 12 40 e 	4057.625659	0.003900	5
0 3 3 11 34 e 	4004.285555	0.003300	3
1 2 2 11 21 f 	4466.298103	0.002000	5
0 1 1 21 34 e 	4985.710585	0.003400	2
0 2 2 11 47 f 	3725.357712	0.004600	3
2 1 1 12 13 f 	4889.375454	0.001300	9
0 4 4 11 19 f 	4370.715282	0.001800	3
1 3 3 12 10 e 	4795.964603	0.000900	5
2 1 1 13 16 e 	4767.212401	0.001500	6
1 1 1 11 35 f 	4080.588193	0.003500	5
1 2 2 12 25 f 	4348.606882	0.002400	5
0 1 1 11 59 f 	3521.087390	0.005900	3
1 1 1 12 39 f 	4031.124793	0.003900	5
0 3 3 11 33 f 	3980.768169	0.003300	3
1 2 2 11 20 e 	4451.784770	0.002000	5
1 3 3 12 9 f 	4789.042449	0.000900	5
2 1 1 12 12 e 	4880.259716	0.001100	9
0 4 4 11 18 e 	4357.541306	0.001800	3
0 1 1 21 33 f 	4961.924886	0.003200	2
2 1 1 13 15 f 	4756.405524	0.001500	6
0 2 2 11 46 e 	3692.954031	0.004600	3
1 1 1 11 34 e 	4055.471678	0.003300	5
1 2 2 12 24 e 	4331.337053	0.002400	5
0 3 3 11 32 e 	3957.941396	0.003100	3
1 1 1 12 38 e 	4003.274881	0.003700	5
1 2 2 11 19 f 	4437.956234	0.001800	5
0 1 1 11 58 e 	3478.823360	0.005700	3
1 3 3 12 8 e 	4782.812429	0.000700	5
2 1 1 12 11 f 	4872.118295	0.001100	9
0 4 4 11 17 f 	4345.060394	0.001600	3
0 1 1 21 32 e 	4939.875374	0.003200	2
2 1 1 13 14 e 	4745.865608	0.001300	6
0 2 2 11 45 f 	3661.197467	0.004400	3
1 1 1 11 33 f 	4032.933725	0.003300	5
1 2 2 12 23 f 	4314.758405	0.002200	5
1 1 1 12 37 f 	3978.047716	0.003700	5
0 3 3 11 31 f 	3935.805479	0.003100	3
1 3 3 12 7 f 	4777.274568	0.000700	5
1 2 2 11 18 e 	4424.823664	0.001800	5
2 1 1 12 10 e 	4864.424801	0.000900	9
0 4 4 11 16 e 	4333.272596	0.001600	3
0 1 1 11 57 f 	3440.527354	0.005700	3
2 1 1 13 13 f 	4736.384678	0.001300	7
0 1 1 21 31 f 	4917.516969	0.003000	2
0 5 5 11 5 f 	4896.180793	0.000500	1
0 2 2 11 44 e 	3630.166324	0.004400	3
1 2 2 12 22 e 	4298.871077	0.002200	5
1 1 1 11 32 e 	4009.303402	0.003100	5
1 3 3 12 6 e 	4772.428890	0.000500	5
2 1 1 12 9 f 	4857.621889	0.000900	9
1 2 2 11 17 f 	4412.378062	0.001600	5
0 3 3 11 30 e 	3914.360377	0.002900	3
1 1 1 12 36 e 	3951.670719	0.003500	5
0 4 4 11 15 f 	4322.177959	0.001400	3
2 1 1 13 12 e 	4727.272448	0.001100	7
0 1 1 21 30 e 	4896.773089	0.003000	2
0 1 1 11 56 e 	3399.744569	0.005500	3
1 2 2 12 21 f 	4283.674419	0.002000	5
1 1 1 11 31 f 	3988.038470	0.003100	5
0 2 2 11 43 f 	3599.789428	0.004200	3
1 3 3 12 5 f 	4768.275414	0.000500	4
2 1 1 12 8 e 	4851.343460	0.000700	9
1 2 2 11 16 e 	4400.626760	0.001600	5
0 3 3 11 29 f 	3893.606278	0.002900	3
2 1 1 13 11 f 	4719.124597	0.001100	7
0 4 4 11 14 e 	4311.776525	0.001400	3
1 1 1 12 35 f 	3927.722646	0.003500	5
0 1 1 21 29 f 	4875.838580	0.002800	2
0 1 1 11 55 f 	3362.710372	0.005500	3
1 2 2 12 20 e 	4269.168654	0.002000	6
2 1 1 12 7 f 	4845.886441	0.000700	9
1 1 1 11 30 e 	3965.888206	0.002900	5
1 2 2 11 15 f 	4389.564006	0.001400	5
0 2 2 11 42 e 	3570.131788	0.004200	3
2 1 1 13 10 e 	4711.433249	0.000900	7
0 4 4 11 13 f 	4302.068336	0.001200	3
0 3 3 11 28 e 	3873.543177	0.002700	3
1 1 1 12 34 e 	3902.813999	0.003300	6
0 1 1 21 28 e 	4856.404376	0.002800	2
1 2 2 12 19 f 	4255.353432	0.001800	6
2 1 1 12 6 e 	4841.015878	0.000500	8
1 1 1 11 29 f 	3945.903031	0.002900	5
1 2 2 11 14 e 	4379.194393	0.001400	5
2 1 1 13 9 f 	4704.625606	0.000900	7
0 1 1 11 54 e 	3323.405657	0.005300	3
0 4 4 11 12 e 	4293.053430	0.001200	3
0 2 2 11 41 f 	3541.134572	0.004000	3
0 3 3 11 27 f 	3854.171223	0.002700	3
1 1 1 12 33 f 	3880.150419	0.003300	6
0 1 1 21 27 f 	4836.890339	0.002600	2
1 2 2 12 18 e 	4242.228941	0.001800	6
1 2 2 11 13 f 	4369.514443	0.001200	6
2 1 1 13 8 e 	4698.348289	0.000700	7
0 4 4 11 11 f 	4284.731841	0.001000	3
1 1 1 11 28 e 	3925.226687	0.002700	6
0 1 1 11 53 f 	3287.637606	0.005300	3
0 2 2 11 40 e 	3512.851329	0.004000	3
0 3 3 11 26 e 	3835.490433	0.002500	3
1 1 1 12 32 e 	3856.705506	0.003100	6
0 1 1 21 26 e 	4818.769841	0.002600	2
1 2 2 12 17 f 	4229.794991	0.001600	6
2 1 1 13 7 f 	4692.887977	0.000700	7
1 2 2 11 12 e 	4360.526863	0.001200	6
0 4 4 11 10 e 	4277.103604	0.001000	3
1 1 1 11 27 f 	3906.527974	0.002700	6
0 3 3 11 25 f 	3817.500927	0.002500	3
0 2 2 11 39 f 	3485.233833	0.003800	3
0 1 1 11 52 e 	3249.807759	0.005100	3
1 1 1 12 31 f 	3835.331828	0.003100	6
1 2 2 12 16 e 	4218.051724	0.001600	6
0 1 1 21 25 f 	4800.672830	0.002400	2
2 1 1 13 6 e 	4688.017799	0.000500	8
1 2 2 11 11 f 	4352.229701	0.001000	6
0 4 4 11 9 f 	4270.168748	0.000800	3
1 3 3 12 3 f 	4762.045135	0.000300	3
1 1 1 11 26 e 	3887.319403	0.002500	6
0 3 3 11 24 e 	3800.202737	0.002300	3
0 2 2 11 38 e 	3458.325811	0.003800	3
0 1 1 11 51 f 	3215.310175	0.005100	3
1 2 2 12 15 f 	4206.999043	0.001400	6
1 1 1 12 30 e 	3813.345980	0.002900	6
0 1 1 21 24 e 	4783.870049	0.002400	2
2 1 1 03 6 e 	2425.349857	0.000600	2
2 1 1 13 5 f 	4683.911933	0.000500	8
1 2 2 11 10 e 	4344.624431	0.001000	6
0 4 4 11 8 e 	4263.927299	0.000800	3
1 1 1 11 25 f 	3869.913826	0.002500	6
0 3 3 11 23 f 	3783.595961	0.002300	3
2 1 1 03 5 f 	2421.149325	0.000400	2
2 1 1 13 4 e 	4680.441962	0.000300	8
1 2 2 12 14 e 	4196.637046	0.001400	6
0 2 2 11 37 f 	3432.088099	0.003600	3
1 1 1 12 29 f 	3793.267618	0.002900	6
1 2 2 11 9 f 	4337.710062	0.000800	6
0 1 1 21 23 f 	4767.186592	0.002200	2
0 4 4 11 7 f 	4258.379284	0.000600	3
0 1 1 11 50 e 	3178.951969	0.004900	3
1 1 1 11 24 e 	3852.166876	0.002300	6
0 3 3 11 22 e 	3767.680639	0.002100	3
2 1 1 03 4 e 	2417.697563	0.000400	2
2 1 1 13 3 f 	4677.697641	0.000300	7
1 2 2 12 13 f 	4186.965691	0.001200	6
1 2 2 11 8 e 	4331.487319	0.000800	6
0 4 4 11 6 e 	4253.524722	0.000600	3
0 1 1 21 22 e 	4751.705524	0.002200	2
0 2 2 11 36 e 	3406.556059	0.003600	3
1 1 1 12 28 e 	3772.736117	0.002700	6
1 1 1 11 23 f 	3836.061081	0.002300	6
0 3 3 11 21 f 	3752.456852	0.002100	3
1 2 2 12 12 e 	4177.985048	0.001200	6
1 2 2 11 7 f 	4325.955765	0.000600	6
0 4 4 11 5 f 	4249.363634	0.000400	3
0 1 1 21 21 f 	4736.432125	0.002000	2
1 1 1 12 27 f 	3753.958491	0.002700	6
0 2 2 11 35 f 	3381.698212	0.003400	3
1 1 1 11 22 e 	3819.769589	0.002100	6
0 3 3 11 20 e 	3737.924644	0.001900	3
1 2 2 11 6 e 	4321.115710	0.000600	6
1 2 2 12 11 f 	4169.695105	0.001000	6
0 4 4 11 4 e 	4245.896036	0.000400	2
0 1 1 21 20 e 	4722.276750	0.002000	2
1 1 1 12 26 e 	3734.876570	0.002500	6
0 2 2 11 34 e 	3357.542855	0.003400	3
1 1 1 11 21 f 	3804.970191	0.002100	6
1 2 2 11 5 f 	4316.967000	0.000400	6
1 2 2 12 10 e 	4162.095908	0.001000	6
0 3 3 11 19 f 	3724.084084	0.001900	3
0 1 1 21 19 f 	4708.409890	0.001800	2
1 1 1 12 25 f 	3717.405102	0.002500	6
0 2 2 11 33 f 	3334.064972	0.003200	3
1 2 2 11 4 e 	4313.509747	0.000400	6
1 2 2 12 9 f 	4155.187464	0.000800	6
1 1 1 11 20 e 	3790.127988	0.001900	6
0 3 3 11 18 e 	3710.935216	0.001700	3
0 1 1 21 18 e 	4695.584166	0.001800	2
1 1 1 12 24 e 	3699.767948	0.002300	6
0 2 2 11 32 e 	3311.286939	0.003200	3
1 2 2 11 3 f 	4310.743917	0.000200	6
1 2 2 12 8 e 	4148.969805	0.000800	6
1 1 1 11 19 f 	3776.641574	0.001900	6
0 3 3 11 17 f 	3698.478097	0.001700	3
0 1 1 21 17 f 	4683.120303	0.001600	2
1 1 1 12 23 f 	3683.608060	0.002300	6
1 2 2 11 2 e 	4308.669539	0.000200	4
1 2 2 12 7 f 	4143.442942	0.000600	6
0 2 2 11 31 f 	3289.189131	0.003000	3
1 1 1 11 18 e 	3763.242480	0.001700	6
0 3 3 11 16 e 	3686.712773	0.001500	3
0 1 1 21 16 e 	4671.628175	0.001600	2
2 1 1 02 6 e 	2580.753532	0.000800	1
1 1 1 12 22 e 	3667.410815	0.002100	6
1 2 2 12 6 e 	4138.606898	0.000600	6
1 1 1 11 17 f 	3751.075609	0.001700	6
0 2 2 11 30 e 	3267.789010	0.003000	3
2 1 1 03 3 f 	2414.904249	0.000400	1
0 3 3 11 15 f 	3675.639291	0.001500	3
0 1 1 21 15 f 	4660.563744	0.001400	2
1 1 1 12 21 f 	3652.567930	0.002100	6
1 2 2 12 5 f 	4134.461686	0.000400	6
1 1 1 11 16 e 	3739.113437	0.001500	6
0 3 3 11 14 e 	3665.257692	0.001300	3
0 2 2 11 29 f 	3247.071400	0.002800	3
0 1 1 21 14 e 	4650.409135	0.001400	2
1 2 2 12 4 e 	4131.007322	0.000400	6
1 1 1 12 20 e 	3637.805692	0.001900	6
1 1 1 11 15 f 	3728.272642	0.001500	6
0 3 3 11 13 f 	3655.568019	0.001300	3
0 2 2 11 28 e 	3227.049724	0.002800	3
0 1 1 21 13 f 	4640.740548	0.001200	2
1 2 2 12 3 f 	4128.243816	0.000200	6
1 1 1 12 19 f 	3624.285228	0.001900	6
1 1 1 11 14 e 	3717.741189	0.001300	6
0 3 3 11 12 e 	3646.570308	0.001100	3
0 1 1 21 12 e 	4631.927366	0.001200	2
0 2 2 11 27 f 	3207.712443	0.002600	3
1 2 2 12 2 e 	4126.171178	0.000200	4
1 1 1 12 18 e 	3610.953055	0.001700	6
1 1 1 11 13 f 	3708.232975	0.001300	6
0 3 3 11 11 f 	3638.264594	0.001100	3
0 5 5 11 25 f 	5111.535551	0.002500	1
0 1 1 21 11 f 	4623.651011	0.001000	2
0 2 2 11 26 e 	3189.069698	0.002600	3
1 1 1 12 17 f 	3598.760430	0.001700	6
0 5 5 11 26 e 	5129.593548	0.002500	1
1 1 1 11 12 e 	3699.126031	0.001100	6
0 3 3 11 10 e 	3630.650910	0.000900	3
0 1 1 21 10 e 	4616.183144	0.001000	2
0 2 2 11 25 f 	3171.112880	0.002400	3
0 5 5 11 27 f 	5148.345425	0.002700	1
1 1 1 12 16 e 	3586.853338	0.001500	6
1 1 1 11 11 f 	3690.956879	0.001100	6
0 3 3 11 9 f 	3623.729285	0.000900	3
0 1 1 21 9 f 	4609.295390	0.000800	2
0 2 2 11 24 e 	3153.849505	0.002400	3
1 1 1 12 15 f 	3575.993958	0.001500	6
0 3 3 11 8 e 	3617.499745	0.000700	3
1 1 1 11 10 e 	3683.268219	0.000900	6
0 1 1 21 8 e 	4603.176706	0.000800	2
0 2 2 11 23 f 	3137.273289	0.002200	3
1 1 1 12 14 e 	3565.506928	0.001300	6
0 3 3 11 7 f 	3611.962316	0.000700	3
1 1 1 11 9 f 	3676.444586	0.000900	6
0 1 1 21 7 f 	4597.673898	0.000600	2
0 2 2 11 22 e 	3121.389678	0.002200	3
1 1 1 12 13 f 	3555.986195	0.001300	6
0 3 3 11 6 e 	3607.117018	0.000500	3
1 1 1 11 8 e 	3670.167972	0.000700	6
0 1 1 21 6 e 	4592.908247	0.000600	2
0 2 2 11 21 f 	3106.194202	0.002000	3
1 1 1 12 12 e 	3546.914169	0.001100	6
0 3 3 11 5 f 	3602.963871	0.000500	3
1 1 1 11 7 f 	3664.696289	0.000700	6
0 1 1 21 5 f 	4588.786709	0.000400	2
0 3 3 11 4 e 	3599.502891	0.000300	3
0 2 2 11 20 e 	3091.690706	0.002000	3
1 1 1 12 11 f 	3538.737475	0.001100	6
1 1 1 11 6 e 	3659.825470	0.000500	6
0 1 1 21 4 e 	4585.377921	0.000400	2
0 3 3 11 3 f 	3596.734090	0.000300	2
1 1 1 11 5 f 	3655.712147	0.000500	6
1 1 1 12 10 e 	3531.075361	0.000900	6
0 2 2 11 19 f 	3077.876108	0.001800	3
0 1 1 21 3 f 	4582.633955	0.000200	2
1 1 1 11 4 e 	3652.240855	0.000300	6
1 1 1 12 9 f 	3524.248085	0.000900	6
0 1 1 21 2 e 	4580.585841	0.000200	3
0 2 2 11 18 e 	3064.753038	0.001800	3
1 1 1 11 3 f 	3649.492280	0.000300	6
0 1 1 21 1 f 	4579.215728	0.000200	2
1 1 1 12 8 e 	3517.990759	0.000700	6
0 2 2 11 17 f 	3052.319452	0.001600	3
1 1 1 11 2 e 	3647.414232	0.000100	6
1 1 1 12 7 f 	3512.518269	0.000700	6
0 2 2 11 16 e 	3040.577082	0.001600	3
1 1 1 11 1 f 	3646.036771	0.000100	4
1 1 1 12 6 e 	3507.660575	0.000500	6
0 2 2 11 15 f 	3029.524634	0.001400	3
1 1 1 12 5 f 	3503.548222	0.000500	6
0 2 2 11 14 e 	3019.163202	0.001400	3
1 1 1 12 4 e 	3500.084973	0.000300	6
1 3 3 12 35 f 	5193.827312	0.003500	3
2 1 1 12 31 f 	5168.870608	0.003100	7
0 2 2 11 13 f 	3009.492014	0.001200	3
1 1 1 12 3 f 	3497.338094	0.000300	6
1 3 3 12 36 e 	5218.726366	0.003500	3
2 1 1 12 32 e 	5189.986576	0.003100	7
0 2 2 11 12 e 	3000.511722	0.001200	3
1 1 1 12 2 e 	3495.264078	0.000100	6
0 2 2 11 11 f 	2992.221905	0.001000	3
1 1 1 12 1 f 	3493.887990	0.000100	4
0 2 2 11 10 e 	2984.622925	0.001000	3
0 2 2 11 9 f 	2977.714577	0.000800	3
0 2 2 11 8 e 	2971.497049	0.000800	3
0 2 2 11 7 f 	2965.970259	0.000600	3
0 2 2 11 6 e 	2961.134294	0.000600	3
2 3 3 01 25 f 	4347.172866	0.002400	3
0 2 2 11 5 f 	2956.989134	0.000400	3
2 1 1 13 39 f 	5211.806699	0.003900	5
0 2 2 11 4 e 	2953.534816	0.000400	3
2 1 1 13 40 e 	5237.972285	0.003900	5
0 2 2 11 3 f 	2950.771343	0.000200	3
0 2 2 11 2 e 	2948.698730	0.000200	2
0 4 4 11 54 e 	5267.852622	0.005400	1
1 2 2 11 52 e 	5258.669330	0.005200	3
0 4 4 11 55 f 	5305.921201	0.005400	1
1 2 2 11 53 f 	5295.106694	0.005200	3
1 2 2 12 58 e 	5304.720727	0.005800	3
1 2 2 12 59 f 	5345.364919	0.005800	3
0 1 1 21 49 f 	5415.363065	0.004800	1
0 1 1 21 50 e 	5450.686417	0.005000	1
0 3 3 11 70 e 	5309.941675	0.006900	1
0 3 3 11 71 f 	5358.932130	0.007100	1
0 3 3 11 72 e 	5408.598226	0.007100	1
1 1 1 11 69 f 	5312.109396	0.006900	3
1 1 1 11 70 e 	5356.373236	0.006900	3
1 1 1 12 73 f 	5353.463665	0.007300	3
1 1 1 12 74 e 	5400.814652	0.007300	3
0 2 2 11 83 f 	5349.478737	0.008200	1
0 2 2 11 84 e 	5407.513504	0.008400	1
0 1 1 11 94 e 	5369.225298	0.009300	1
0 1 1 11 95 f 	5438.662190	0.009500	1
1 3 3 12 46 e 	5505.667926	0.004500	2
1 3 3 12 45 f 	5473.870773	0.004500	2
1 3 3 12 44 e 	5442.762375	0.004300	2
1 3 3 12 43 f 	5412.343849	0.004300	2
1 3 3 12 42 e 	5382.614461	0.004100	2
1 3 3 12 41 f 	5353.575085	0.004100	2
1 2 2 12 65 f 	5603.725880	0.006400	2
1 3 3 12 40 e 	5325.225190	0.003900	2
1 2 2 12 64 e 	5558.982899	0.006400	2
1 3 3 12 39 f 	5297.565459	0.003900	2
1 3 3 12 38 e 	5270.595521	0.003700	2
1 2 2 12 63 f 	5514.865298	0.006200	2
1 3 3 12 37 f 	5244.315906	0.003700	2
1 2 2 12 62 e 	5471.487199	0.006200	2
1 2 2 12 61 f 	5428.744488	0.006000	2
1 2 2 12 60 e 	5386.732686	0.006000	2
2 1 1 13 55 f 	5735.627348	0.005500	4
2 2 2 13 27 f 	5552.853073	0.002600	4
2 1 1 13 54 e 	5695.204981	0.005300	4
2 2 2 13 26 e 	5534.187999	0.002600	4
2 2 2 13 25 f 	5516.221592	0.002400	4
2 1 1 13 53 f 	5660.538480	0.005300	4
2 1 1 13 52 e 	5621.665053	0.005100	4
2 2 2 13 24 e 	5498.941720	0.002400	4
2 2 2 13 23 f 	5482.358062	0.002200	4
2 1 1 13 51 f 	5588.193140	0.005100	4
2 1 1 12 46 e 	5570.380511	0.004500	6
2 2 2 13 22 e 	5466.461783	0.002200	4
2 1 1 13 50 e 	5550.863491	0.004900	4
1 1 1 12 79 f 	5668.902282	0.007900	2
1 1 1 12 78 e 	5610.741611	0.007700	2
2 2 2 13 21 f 	5451.260040	0.002000	4
2 1 1 12 45 f 	5540.633746	0.004500	6
2 1 1 13 49 f 	5518.592666	0.004900	4
2 2 2 13 20 e 	5436.746567	0.002000	4
2 1 1 12 44 e 	5507.801162	0.004300	6
2 1 1 13 48 e 	5482.801513	0.004700	4
2 2 2 13 19 f 	5422.926451	0.001800	4
1 1 1 12 77 f 	5561.029549	0.007700	2
1 1 1 12 76 e 	5504.416120	0.007500	2
2 1 1 12 43 f 	5479.264283	0.004300	6
2 2 2 13 18 e 	5409.795393	0.001800	4
2 1 1 13 47 f 	5451.738348	0.004700	4
2 1 1 12 42 e 	5447.966249	0.004100	6
2 2 2 13 17 f 	5397.356863	0.001600	4
2 1 1 13 46 e 	5417.480295	0.004500	4
2 2 2 13 16 e 	5385.608029	0.001600	4
1 1 1 12 75 f 	5455.882773	0.007500	2
2 1 1 12 41 f 	5420.646985	0.004100	6
2 1 1 13 45 f 	5387.631426	0.004500	4
2 2 2 13 15 f 	5374.551154	0.001400	4
2 1 1 12 40 e 	5390.876621	0.003900	6
2 1 1 13 44 e 	5354.900968	0.004300	4
2 2 2 13 14 e 	5364.184465	0.001400	4
2 1 1 12 39 f 	5364.782680	0.003900	6
2 2 2 13 13 f 	5354.509358	0.001200	4
2 1 1 13 43 f 	5326.273092	0.004300	4
2 1 1 12 38 e 	5336.533087	0.003700	6
2 1 1 13 42 e 	5295.064619	0.004100	4
2 2 2 13 12 e 	5345.524796	0.001200	4
2 2 2 13 11 f 	5337.231583	0.001000	4
2 1 1 12 37 f 	5311.672158	0.003700	6
2 1 1 13 41 f 	5267.664486	0.004100	4
2 2 2 13 10 e 	5329.629163	0.001000	4
2 1 1 12 36 e 	5284.936419	0.003500	6
2 2 2 13 9 f 	5322.717963	0.000800	4
2 1 1 12 35 f 	5261.316170	0.003500	6
2 2 2 13 8 e 	5316.497720	0.000800	4
2 1 1 12 34 e 	5236.087351	0.003300	6
2 2 2 13 7 f 	5310.968637	0.000600	3
2 1 1 12 33 f 	5213.715429	0.003300	6
2 3 3 01 41 f 	4721.339104	0.004000	2
2 3 3 01 40 e 	4692.740166	0.004000	2
2 3 3 01 39 f 	4664.831927	0.003800	2
2 3 3 01 38 e 	4637.626498	0.003800	2
2 3 3 01 37 f 	4611.114628	0.003600	2
1 3 3 12 4 e 	4764.814157	0.000300	3
2 3 3 01 24 e 	4329.724787	0.002400	2
2 3 3 01 23 f 	4312.972524	0.002200	2
2 3 3 01 22 e 	4296.917217	0.002200	2
2 3 3 01 21 f 	4281.558737	0.002000	2
2 3 3 01 20 e 	4266.897697	0.002000	2
2 2 2 13 28 e 	5572.204325	0.002800	3
2 1 1 12 5 f 	4836.912116	0.000500	7
2 2 2 13 29 f 	5592.258095	0.002800	3
2 1 1 12 4 e 	4833.442201	0.000300	7
2 1 1 12 3 f 	4830.699041	0.000300	8
2 1 1 12 2 e 	4828.622537	0.000100	8
2 1 1 12 1 f 	4827.247304	0.000100	6
2 1 1 13 2 e 	4675.620911	0.000100	6
2 1 1 13 1 f 	4674.245218	0.000100	4
1 3 3 12 47 f 	5538.154830	0.004700	1
1 3 3 12 48 e 	5571.330063	0.004700	1
1 3 3 12 49 f 	5605.194947	0.004900	1
2 1 1 12 47 f 	5604.754507	0.004700	5
2 1 1 12 48 e 	5635.703410	0.004700	5
2 1 1 13 56 e 	5771.482011	0.005500	3
2 1 1 13 57 f 	5813.458357	0.005700	3
2 3 3 01 42 e 	4750.642126	0.004200	1
2 3 3 01 43 f 	4780.632950	0.004200	1
1 2 2 12 66 e 	5649.218374	0.006600	1
1 2 2 12 67 f 	5695.324706	0.006600	1
1 1 1 12 80 e 	5719.790576	0.007900	1
1 1 1 12 81 f 	5779.499224	0.008100	1
2 1 1 12 50 e 	5703.768933	0.004900	4
2 1 1 12 49 f 	5671.625660	0.004900	4
1 1 1 11 76 e 	5659.513282	0.007500	2
1 1 1 11 77 f 	5717.247116	0.007700	2
1 1 1 11 74 e 	5555.734168	0.007300	2
1 1 1 11 75 f 	5611.854404	0.007500	2
1 1 1 11 72 e 	5454.687030	0.007100	2
1 1 1 11 73 f 	5509.199627	0.007300	2
1 1 1 11 71 f 	5409.284174	0.007100	2
1 2 2 11 64 e 	5743.102928	0.006400	2
1 2 2 11 63 f 	5698.648373	0.006200	2
1 2 2 11 62 e 	5655.492453	0.006200	2
1 2 2 11 61 f 	5612.449386	0.006000	2
1 2 2 11 60 e 	5570.629062	0.006000	2
1 2 2 11 59 f 	5528.994325	0.005800	2
1 2 2 11 58 e 	5488.513935	0.005800	2
1 2 2 11 57 f 	5448.284614	0.005600	2
1 2 2 11 56 e 	5409.148209	0.005600	2
2 1 1 11 48 e 	5819.832658	0.004700	4
1 2 2 11 55 f 	5370.321628	0.005400	2
2 1 1 11 47 f 	5789.299135	0.004700	4
1 2 2 11 54 e 	5332.532986	0.005400	2
2 1 1 11 46 e 	5754.346699	0.004500	4
2 1 1 11 45 f 	5724.977299	0.004500	4
2 1 1 11 44 e 	5691.611934	0.004300	4
2 1 1 11 43 f 	5663.416252	0.004300	4
2 1 1 11 42 e 	5631.629140	0.004100	4
2 1 1 11 41 f 	5604.616751	0.004100	4
2 1 1 11 40 e 	5574.399066	0.003900	4
2 1 1 11 39 f 	5548.579522	0.003900	4
2 1 1 11 38 e 	5519.922426	0.003700	4
1 3 3 11 46 e 	5714.022168	0.004500	2
2 1 1 11 37 f 	5495.305253	0.003700	4
2 1 1 11 36 e 	5468.199902	0.003500	4
1 3 3 11 45 f 	5682.203689	0.004500	2
1 3 3 11 44 e 	5651.072071	0.004300	2
2 1 1 11 35 f 	5444.794599	0.003500	4
2 1 1 11 34 e 	5419.232146	0.003300	4
1 3 3 11 43 f 	5620.633220	0.004300	2
1 3 3 11 42 e 	5590.882212	0.004100	2
2 1 1 11 33 f 	5397.048183	0.003300	4
2 1 1 11 32 e 	5373.019770	0.003100	4
1 3 3 11 41 f 	5561.823536	0.004100	2
2 1 1 11 31 f 	5352.066589	0.003100	4
1 3 3 11 40 e 	5533.453514	0.003900	2
2 1 1 11 30 e 	5329.563358	0.002900	4
1 3 3 11 39 f 	5505.775523	0.003900	2
2 1 1 11 29 f 	5309.850373	0.002900	4
1 3 3 11 38 e 	5478.786857	0.003700	2
2 1 1 11 28 e 	5288.863458	0.002700	4
1 3 3 11 37 f 	5452.490026	0.003700	2
2 1 1 11 27 f 	5270.400051	0.002700	4
1 3 3 11 36 e 	5426.883076	0.003500	2
2 1 1 11 26 e 	5250.920585	0.002500	4
1 3 3 11 35 f 	5401.967847	0.003500	2
2 1 1 11 25 f 	5233.716109	0.002500	4
1 3 3 11 34 e 	5377.742961	0.003300	2
2 1 1 11 24 e 	5215.735218	0.002300	4
1 3 3 11 33 f 	5354.209750	0.003300	2
2 1 1 11 23 f 	5199.798998	0.002300	4
1 3 3 11 32 e 	5331.367262	0.003100	2
2 1 1 11 22 e 	5183.307805	0.002100	4
1 3 3 11 31 f 	5309.216452	0.003100	2
2 1 1 11 21 f 	5168.649133	0.002100	4
2 1 1 11 20 e 	5153.638755	0.001900	4
1 3 3 11 30 e 	5287.756684	0.002900	2
2 1 1 11 19 f 	5140.266897	0.001900	4
1 3 3 11 29 f 	5266.988633	0.002900	2
2 1 1 11 18 e 	5126.728446	0.001700	4
1 3 3 11 28 e 	5246.911890	0.002700	2
2 1 1 11 17 f 	5114.652638	0.001700	4
1 3 3 11 27 f 	5227.526928	0.002700	2
2 1 1 11 16 e 	5102.577220	0.001500	4
1 3 3 11 26 e 	5208.833499	0.002500	2
2 1 1 11 15 f 	5091.806671	0.001500	4
1 3 3 11 25 f 	5190.831932	0.002500	2
2 1 1 11 14 e 	5081.185385	0.001300	4
1 3 3 11 24 e 	5173.522089	0.002300	2
2 1 1 11 13 f 	5071.729276	0.001300	4
1 3 3 11 23 f 	5156.904198	0.002300	2
2 1 1 11 12 e 	5062.553212	0.001100	4
1 3 3 11 22 e 	5140.978194	0.002100	2
2 1 1 11 11 f 	5054.420699	0.001100	4
1 3 3 11 21 f 	5125.744236	0.002100	2
2 1 1 11 10 e 	5046.680939	0.000900	4
1 3 3 11 20 e 	5111.202307	0.001900	2
2 1 1 11 9 f 	5039.881152	0.000900	4
1 3 3 11 19 f 	5097.352517	0.001900	2
2 1 1 11 8 e 	5033.568769	0.000700	4
1 3 3 11 18 e 	5084.194877	0.001700	2
2 1 1 11 7 f 	5028.110815	0.000700	4
1 3 3 11 17 f 	5071.729468	0.001700	2
2 1 1 11 6 e 	5023.216868	0.000500	5
2 1 1 11 5 f 	5019.109830	0.000500	5
1 3 3 11 16 e 	5059.956313	0.001500	2
2 1 1 11 4 e 	5015.625370	0.000300	5
1 3 3 11 15 f 	5048.875473	0.001500	2
2 1 1 11 3 f 	5012.878309	0.000300	5
1 3 3 11 14 e 	5038.486980	0.001300	3
2 1 1 11 2 e 	5010.794370	0.000100	6
1 3 3 11 13 f 	5028.790880	0.001300	3
2 1 1 11 1 f 	5009.416328	0.000100	4
1 3 3 11 12 e 	5019.787203	0.001100	3
1 3 3 11 11 f 	5011.475988	0.001100	3
1 3 3 11 10 e 	5003.857264	0.000900	3
1 3 3 11 9 f 	4996.931060	0.000900	3
1 3 3 11 8 e 	4990.697402	0.000700	3
2 1 1 12 52 e 	5774.576118	0.005100	3
2 1 1 12 51 f 	5741.246262	0.005100	3
1 3 3 11 7 f 	4985.156313	0.000700	3
1 3 3 11 6 e 	4980.307815	0.000500	3
1 3 3 11 5 f 	4976.151926	0.000500	3
1 3 3 11 4 e 	4972.688660	0.000300	3
1 3 3 11 3 f 	4969.918033	0.000300	2
2 1 1 11 50 e 	5888.068995	0.004900	3
2 1 1 11 49 f 	5856.380966	0.004900	3
1 3 3 11 47 f 	5746.534016	0.004700	1
1 3 3 11 48 e 	5779.731537	0.004700	1
1 3 3 11 49 f 	5813.623230	0.004900	1
1 2 2 11 65 f 	5787.589816	0.006400	1
1 2 2 11 66 e 	5833.459275	0.006600	1
1 1 1 11 78 e 	5766.022970	0.007700	1
1 1 1 11 79 f 	5825.376335	0.007900	1
2 2 2 13 33 f 	5679.458758	0.003200	2
2 2 2 13 32 e 	5656.593910	0.003200	2
2 2 2 13 31 f 	5634.449892	0.003000	2
2 2 2 13 30 e 	5612.999384	0.003000	2
2 1 1 13 60 e 	5932.242117	0.005900	2
2 1 1 13 58 e 	5850.494839	0.005700	2
2 1 1 13 59 f 	5894.030070	0.005900	2
2 2 2 13 6 e 	5306.130612	0.000600	2
2 2 2 13 5 f 	5301.983728	0.000400	2
2 2 2 13 4 e 	5298.527961	0.000400	2
2 2 2 13 3 f 	5295.763338	0.000400	1
2 2 2 13 2 e 	5293.689863	0.000200	1
2 2 2 13 34 e 	5703.030182	0.003400	1
2 2 2 13 36 e 	5751.309749	0.003600	1
2 2 2 13 37 f 	5776.918970	0.003600	1
2 2 2 13 38 e 	5803.184781	0.003800	1
2 2 2 13 39 f 	5830.148353	0.003800	1
2 1 1 13 62 e 	6016.722461	0.006100	1
2 1 1 13 61 f 	5977.341004	0.006100	1
2 1 1 12 60 e 	6085.200973	0.005900	2
2 1 1 12 61 f 	6130.555307	0.006100	2
2 1 1 12 58 e 	6003.437480	0.005700	2
2 1 1 12 59 f 	6047.202946	0.005900	2
2 1 1 12 56 e 	5924.411444	0.005500	2
2 1 1 12 57 f 	5966.594748	0.005700	2
2 1 1 12 54 e 	5848.123967	0.005300	2
2 1 1 12 55 f 	5888.731844	0.005500	2
2 1 1 12 53 f 	5813.615330	0.005300	2
2 2 2 12 42 e 	6098.973280	0.004200	2
2 2 2 12 41 f 	6069.942849	0.004000	2
2 2 2 12 40 e 	6041.689450	0.004000	2
2 2 2 12 39 f 	6014.044680	0.003800	2
2 2 2 12 38 e 	5987.160844	0.003800	2
2 2 2 12 37 f 	5960.900931	0.003600	2
2 2 2 12 36 e 	5935.388266	0.003600	2
2 2 2 12 35 f 	5910.512520	0.003400	2
2 2 2 12 34 e 	5886.372480	0.003400	2
2 2 2 12 33 f 	5862.880316	0.003200	2
2 2 2 12 32 e 	5840.114210	0.003200	2
2 2 2 12 31 f 	5818.005135	0.003000	2
2 2 2 12 30 e 	5796.614139	0.003000	2
2 2 2 12 29 f 	5775.887749	0.002800	2
2 2 2 12 28 e 	5755.872910	0.002800	2
2 2 2 12 27 f 	5736.528876	0.002600	2
2 2 2 12 26 e 	5717.891125	0.002600	2
2 2 2 12 25 f 	5699.929187	0.002400	2
2 2 2 12 24 e 	5682.669347	0.002400	2
2 2 2 12 23 f 	5666.089307	0.002200	2
2 2 2 12 22 e 	5650.208096	0.002200	2
3 1 1 13 16 e 	6095.010386	0.001500	3
3 1 1 13 17 f 	6107.023448	0.001700	3
2 2 2 12 21 f 	5635.009810	0.002000	2
3 1 1 13 18 e 	6119.075069	0.001700	3
2 2 2 12 20 e 	5620.507854	0.002000	2
3 1 1 13 19 f 	6132.541024	0.001900	3
2 2 2 12 19 f 	5606.691222	0.001800	2
2 2 2 12 18 e 	5593.569060	0.001800	2
2 2 2 12 17 f 	5581.134023	0.001600	2
2 2 2 12 16 e 	5569.392113	0.001600	2
2 2 2 12 15 f 	5558.338645	0.001400	2
2 2 2 12 14 e 	5547.977373	0.001400	2
2 2 2 12 13 f 	5538.305472	0.001200	2
2 2 2 12 12 e 	5529.325156	0.001200	2
2 2 2 12 11 f 	5521.034842	0.001000	2
2 2 2 12 10 e 	5513.435739	0.001000	2
2 2 2 12 9 f 	5506.527046	0.000800	2
2 2 2 12 8 e 	5500.309359	0.000800	2
2 2 2 12 7 f 	5494.782327	0.000600	2
2 2 2 12 6 e 	5489.946209	0.000600	2
2 2 2 12 5 f 	5485.800883	0.000400	2
2 2 2 12 4 e 	5482.346443	0.000400	3
2 2 2 12 3 f 	5479.582865	0.000400	2
2 2 2 12 2 e 	5477.510175	0.000200	1
2 2 2 12 43 f 	6128.594470	0.004200	1
2 2 2 12 44 e 	6159.011491	0.004400	1
2 1 1 12 62 e 	6169.700803	0.006100	1
2 1 1 12 64 e 	6256.935855	0.006300	1
2 1 1 12 63 f 	6216.650664	0.006300	1
2 1 1 11 52 e 	5959.054868	0.005100	2
2 1 1 11 53 f 	5998.821271	0.005300	2
2 1 1 11 51 f 	5926.221965	0.005100	2
2 2 2 11 30 e 	6003.245521	0.003000	2
2 2 2 11 29 f 	5982.457667	0.002800	2
2 2 2 11 28 e 	5962.422806	0.002800	2
2 2 2 11 27 f 	5943.025169	0.002600	2
2 2 2 11 26 e 	5924.365420	0.002600	2
2 2 2 11 25 f 	5906.356737	0.002400	2
2 2 2 11 24 e 	5889.073850	0.002400	2
2 2 2 11 23 f 	5872.453055	0.002200	2
2 2 2 11 22 e 	5856.548546	0.002200	2
2 2 2 11 21 f 	5841.314758	0.002000	2
2 2 2 11 20 e 	5826.789924	0.002000	2
2 2 2 11 19 f 	5812.942425	0.001800	2
2 2 2 11 18 e 	5799.798365	0.001800	2
2 2 2 11 17 f 	5787.336584	0.001600	2
2 2 2 11 16 e 	5775.574214	0.001600	2
2 2 2 11 15 f 	5764.497710	0.001400	2
2 2 2 11 14 e 	5754.117782	0.001400	2
2 2 2 11 13 f 	5744.426227	0.001200	2
2 2 2 11 12 e 	5735.429342	0.001200	2
2 2 2 11 11 f 	5727.122506	0.001000	2
2 2 2 11 10 e 	5719.509136	0.001000	2
2 2 2 11 9 f 	5712.586866	0.000800	2
2 2 2 11 8 e 	5706.357366	0.000800	2
2 2 2 11 7 f 	5700.819577	0.000600	2
2 2 2 11 6 e 	5695.974201	0.000800	1
2 1 1 11 54 e 	6032.789404	0.005300	1
2 1 1 11 55 f 	6074.177986	0.005500	1
2 2 2 11 31 f 	6024.653491	0.003000	1
2 2 2 11 32 e 	6046.833046	0.003200	1
3 1 1 14 20 e 	5986.837808	0.001900	2
3 1 1 14 19 f 	5973.489360	0.001900	2
3 1 1 14 18 e 	5959.973759	0.001700	2
3 1 1 14 17 f 	5947.919177	0.001700	2
3 1 1 14 16 e 	5935.863577	0.001500	2
3 1 1 14 15 f 	5925.111950	0.001500	2
3 1 1 14 14 e 	5914.507722	0.001300	2
3 1 1 14 13 f 	5905.068154	0.001300	2
3 1 1 14 12 e 	5895.906602	0.001100	1
3 1 1 14 21 f 	6001.821964	0.002100	1
3 1 1 14 22 e 	6016.455212	0.002100	1
3 1 1 14 23 f 	6032.916399	0.002300	1
3 1 1 14 24 e 	6048.825407	0.002300	1
3 1 1 13 35 f 	6435.901684	0.003500	2
3 1 1 13 34 e 	6410.519694	0.003300	2
3 1 1 13 33 f 	6388.340446	0.003300	2
3 1 1 13 32 e 	6364.476068	0.003100	2
3 1 1 13 31 f 	6343.532549	0.003100	2
3 1 1 13 30 e 	6321.177835	0.002900	2
3 1 1 13 29 f 	6301.478685	0.002900	2
3 1 1 13 28 e 	6280.625643	0.002700	2
3 1 1 13 27 f 	6262.179502	0.002700	2
3 1 1 13 26 e 	6242.820100	0.002500	2
3 1 1 13 25 f 	6225.635605	0.002500	2
3 1 1 13 24 e 	6207.761771	0.002300	2
3 1 1 13 23 f 	6191.847556	0.002300	2
3 1 1 13 22 e 	6175.451177	0.002100	2
3 1 1 13 21 f 	6160.815870	0.002100	2
3 1 1 13 20 e 	6145.888797	0.001900	2
3 1 1 13 15 f 	6084.263528	0.001500	2
3 1 1 13 14 e 	6073.695103	0.001300	2
3 1 1 13 13 f 	6064.261610	0.001300	2
3 1 1 13 12 e 	6055.129529	0.001100	2
3 1 1 13 11 f 	6047.017995	0.001100	2
3 1 1 13 10 e 	6039.313936	0.000900	2
3 1 1 13 9 f 	6032.532943	0.000900	2
3 1 1 13 8 e 	6026.248551	0.000700	2
3 1 1 13 7 f 	6020.806671	0.000700	2
3 1 1 13 6 e 	6015.933564	0.000500	2
3 1 1 13 5 f 	6011.839355	0.000500	2
3 1 1 13 4 e 	6008.369122	0.000300	2
3 1 1 13 3 f 	6005.631128	0.000500	1
3 1 1 13 36 e 	6459.308019	0.003500	1
3 1 1 13 38 e 	6510.840312	0.003700	1
3 1 1 13 37 f 	6486.215529	0.003700	1
3 1 1 12 25 f 	6401.345795	0.002500	2
3 1 1 12 24 e 	6383.326170	0.002300	2
3 1 1 12 23 f 	6367.474977	0.002300	2
3 1 1 12 22 e 	6350.952877	0.002100	2
3 1 1 12 21 f 	6336.367595	0.002100	2
3 1 1 12 20 e 	6321.333324	0.001900	2
3 1 1 12 19 f 	6308.024040	0.001900	2
3 1 1 12 18 e 	6294.467894	0.001700	2
3 1 1 12 17 f 	6282.444666	0.001700	2
3 1 1 12 16 e 	6270.356932	0.001500	2
3 1 1 12 15 f 	6259.629795	0.001500	2
3 1 1 12 14 e 	6249.000750	0.001300	2
3 1 1 12 13 f 	6239.579714	0.001300	2
3 1 1 12 12 e 	6230.399623	0.001100	2
3 1 1 12 11 f 	6222.294673	0.001100	2
3 1 1 12 10 e 	6214.553792	0.000900	2
3 1 1 12 9 f 	6207.774889	0.000900	2
3 1 1 12 8 e 	6201.463462	0.000900	1
3 1 1 12 26 e 	6418.452788	0.002500	1
3 1 1 12 28 e 	6456.332280	0.002700	1
3 1 1 12 27 f 	6437.979626	0.002700	1
0 1 1 31 43 f 	7473.725677	0.004300	2
0 1 1 31 42 e 	7443.729077	0.004100	2
0 1 1 31 41 f 	7416.062057	0.004100	2
0 1 1 31 40 e 	7387.495010	0.003900	2
0 1 1 31 39 f 	7361.106277	0.003900	2
0 1 1 31 38 e 	7333.965593	0.003700	2
0 1 1 31 37 f 	7308.859165	0.003700	2
0 1 1 31 36 e 	7283.141628	0.003500	2
0 1 1 31 35 f 	7259.321511	0.003500	2
0 1 1 31 34 e 	7235.023881	0.003300	2
0 1 1 31 33 f 	7212.494062	0.003300	2
0 1 1 31 32 e 	7189.613071	0.003100	2
0 1 1 31 31 f 	7168.377528	0.003100	2
0 1 1 31 30 e 	7146.909881	0.002900	2
0 1 1 31 29 f 	7126.972573	0.002900	2
0 1 1 31 28 e 	7106.914953	0.002700	2
0 1 1 31 27 f 	7088.279823	0.002700	2
0 1 1 31 26 e 	7069.628885	0.002500	2
0 1 1 31 25 f 	7052.299863	0.002500	2
0 1 1 31 24 e 	7035.052238	0.002300	2
0 1 1 31 23 f 	7019.033236	0.002300	2
0 1 1 31 22 e 	7003.185532	0.002100	2
0 1 1 31 21 f 	6988.480444	0.002100	2
0 1 1 31 20 e 	6974.029245	0.001900	2
0 1 1 31 19 f 	6960.641949	0.001900	2
0 1 1 31 18 e 	6947.583813	0.001700	2
0 1 1 31 17 f 	6935.518171	0.001700	2
0 1 1 31 16 e 	6923.849634	0.001500	2
0 1 1 31 15 f 	6913.109491	0.001500	2
0 1 1 31 14 e 	6902.827065	0.001300	2
0 1 1 31 13 f 	6893.416245	0.001300	2
0 1 1 31 12 e 	6884.516422	0.001100	2
0 1 1 31 11 f 	6876.438733	0.001100	2
0 1 1 31 10 e 	6868.917978	0.000900	2
0 1 1 31 9 f 	6862.177209	0.000900	2
0 1 1 31 8 e 	6856.031969	0.000700	2
0 1 1 31 7 f 	6850.631890	0.000700	2
0 1 1 31 6 e 	6845.858587	0.000500	2
0 1 1 31 5 f 	6841.802950	0.000500	2
0 1 1 31 4 e 	6838.397986	0.000300	2
0 1 1 31 3 f 	6835.690522	0.000300	2
0 1 1 31 2 e 	6833.650277	0.000100	2
0 1 1 31 1 f 	6832.294699	0.000100	1
0 1 1 31 45 f 	7534.096264	0.004500	1
0 1 1 31 44 e 	7502.666950	0.004300	1

0 1 1 01 95 f 	0.000000	0.000071	1
0 1 1 11 96 e 	2342.944025	0.000071	1

