v	unc	v1'	v2'	l2'	v3'	r'	J'	sym'	v1''	v2''	l2''	v3''	r''	J''	sym''	tag
595.314299	0.0001	1	1	1	0	2	36	e	1	0	0	0	2	37	e	tag1
596.007074	0.0001	1	1	1	0	2	35	f	1	0	0	0	2	36	e	tag2
596.700557	0.0001	1	1	1	0	2	34	e	1	0	0	0	2	35	e	tag3
597.394742	0.0001	1	1	1	0	2	33	f	1	0	0	0	2	34	e	tag4
598.089619	0.0001	1	1	1	0	2	32	e	1	0	0	0	2	33	e	tag5
598.785183	0.0001	1	1	1	0	2	31	f	1	0	0	0	2	32	e	tag6
599.481424	0.0001	1	1	1	0	2	30	e	1	0	0	0	2	31	e	tag7
600.178337	0.0001	1	1	1	0	2	29	f	1	0	0	0	2	30	e	tag8
600.875913	0.0001	1	1	1	0	2	28	e	1	0	0	0	2	29	e	tag9
601.574147	0.0001	1	1	1	0	2	27	f	1	0	0	0	2	28	e	tag10
602.273029	0.0001	1	1	1	0	2	26	e	1	0	0	0	2	27	e	tag11
602.972555	0.0001	1	1	1	0	2	25	f	1	0	0	0	2	26	e	tag12
603.672716	0.0001	1	1	1	0	2	24	e	1	0	0	0	2	25	e	tag13
604.373507	0.0001	1	1	1	0	2	23	f	1	0	0	0	2	24	e	tag14
605.07492	0.0001	1	1	1	0	2	22	e	1	0	0	0	2	23	e	tag15
605.776951	0.0001	1	1	1	0	2	21	f	1	0	0	0	2	22	e	tag16
606.479591	0.0001	1	1	1	0	2	20	e	1	0	0	0	2	21	e	tag17
607.182836	0.0001	1	1	1	0	2	19	f	1	0	0	0	2	20	e	tag18
607.886678	0.0001	1	1	1	0	2	18	e	1	0	0	0	2	19	e	tag19
608.591113	0.0001	1	1	1	0	2	17	f	1	0	0	0	2	18	e	tag20
609.296135	0.0001	1	1	1	0	2	16	e	1	0	0	0	2	17	e	tag21
610.001737	0.0001	1	1	1	0	2	15	f	1	0	0	0	2	16	e	tag22
610.707916	0.0001	1	1	1	0	2	14	e	1	0	0	0	2	15	e	tag23
611.414664	0.0001	1	1	1	0	2	13	f	1	0	0	0	2	14	e	tag24
612.121977	0.0001	1	1	1	0	2	12	e	1	0	0	0	2	13	e	tag25
612.829851	0.0001	1	1	1	0	2	11	f	1	0	0	0	2	12	e	tag26
613.53828	0.0001	1	1	1	0	2	10	e	1	0	0	0	2	11	e	tag27
614.247259	0.0001	1	1	1	0	2	9	f	1	0	0	0	2	10	e	tag28
614.956784	0.0001	1	1	1	0	2	8	e	1	0	0	0	2	9	e	tag29
615.66685	0.0001	1	1	1	0	2	7	f	1	0	0	0	2	8	e	tag30
616.377454	0.0001	1	1	1	0	2	6	e	1	0	0	0	2	7	e	tag31
617.08859	0.0001	1	1	1	0	2	5	f	1	0	0	0	2	6	e	tag32
617.800255	0.0001	1	1	1	0	2	4	e	1	0	0	0	2	5	e	tag33
618.512445	0.0001	1	1	1	0	2	3	f	1	0	0	0	2	4	e	tag34
621.368523	0.0001	1	1	1	0	2	1	e	1	0	0	0	2	1	e	tag35
621.3728	0.0001	1	1	1	0	2	2	f	1	0	0	0	2	2	e	tag36
621.379215	0.0001	1	1	1	0	2	3	e	1	0	0	0	2	3	e	tag37
621.387768	0.0001	1	1	1	0	2	4	f	1	0	0	0	2	4	e	tag38
621.39846	0.0001	1	1	1	0	2	5	e	1	0	0	0	2	5	e	tag39
621.411291	0.0001	1	1	1	0	2	6	f	1	0	0	0	2	6	e	tag40
621.42626	0.0001	1	1	1	0	2	7	e	1	0	0	0	2	7	e	tag41
621.443368	0.0001	1	1	1	0	2	8	f	1	0	0	0	2	8	e	tag42
621.462614	0.0001	1	1	1	0	2	9	e	1	0	0	0	2	9	e	tag43
621.484	0.0001	1	1	1	0	2	10	f	1	0	0	0	2	10	e	tag44
621.507524	0.0001	1	1	1	0	2	11	e	1	0	0	0	2	11	e	tag45
621.533188	0.0001	1	1	1	0	2	12	f	1	0	0	0	2	12	e	tag46
621.560991	0.0001	1	1	1	0	2	13	e	1	0	0	0	2	13	e	tag47
621.590933	0.0001	1	1	1	0	2	14	f	1	0	0	0	2	14	e	tag48
621.623014	0.0001	1	1	1	0	2	15	e	1	0	0	0	2	15	e	tag49
621.657236	0.0001	1	1	1	0	2	16	f	1	0	0	0	2	16	e	tag50
621.693597	0.0001	1	1	1	0	2	17	e	1	0	0	0	2	17	e	tag51
621.732098	0.0001	1	1	1	0	2	18	f	1	0	0	0	2	18	e	tag52
621.772739	0.0001	1	1	1	0	2	19	e	1	0	0	0	2	19	e	tag53
621.81552	0.0001	1	1	1	0	2	20	f	1	0	0	0	2	20	e	tag54
621.860442	0.0001	1	1	1	0	2	21	e	1	0	0	0	2	21	e	tag55
621.907504	0.0001	1	1	1	0	2	22	f	1	0	0	0	2	22	e	tag56
621.956707	0.0001	1	1	1	0	2	23	e	1	0	0	0	2	23	e	tag57
622.00805	0.0001	1	1	1	0	2	24	f	1	0	0	0	2	24	e	tag58
622.061535	0.0001	1	1	1	0	2	25	e	1	0	0	0	2	25	e	tag59
622.117161	0.0001	1	1	1	0	2	26	f	1	0	0	0	2	26	e	tag60
622.174927	0.0001	1	1	1	0	2	27	e	1	0	0	0	2	27	e	tag61
622.234836	0.0001	1	1	1	0	2	28	f	1	0	0	0	2	28	e	tag62
622.296885	0.0001	1	1	1	0	2	29	e	1	0	0	0	2	29	e	tag63
622.361076	0.0001	1	1	1	0	2	30	f	1	0	0	0	2	30	e	tag64
622.427409	0.0001	1	1	1	0	2	31	e	1	0	0	0	2	31	e	tag65
622.495883	0.0001	1	1	1	0	2	32	f	1	0	0	0	2	32	e	tag66
622.566498	0.0001	1	1	1	0	2	33	e	1	0	0	0	2	33	e	tag67
622.639255	0.0001	1	1	1	0	2	34	f	1	0	0	0	2	34	e	tag68
622.714154	0.0001	1	1	1	0	2	35	e	1	0	0	0	2	35	e	tag69
622.791194	0.0001	1	1	1	0	2	36	f	1	0	0	0	2	36	e	tag70
622.796415	0.0001	1	1	1	0	2	2	e	1	0	0	0	2	1	e	tag71
622.870376	0.0001	1	1	1	0	2	37	e	1	0	0	0	2	37	e	tag72
622.951699	0.0001	1	1	1	0	2	38	f	1	0	0	0	2	38	e	tag73
623.035163	0.0001	1	1	1	0	2	39	e	1	0	0	0	2	39	e	tag74
623.120768	0.0001	1	1	1	0	2	40	f	1	0	0	0	2	40	e	tag75
623.208514	0.0001	1	1	1	0	2	41	e	1	0	0	0	2	41	e	tag76
623.2984	0.0001	1	1	1	0	2	42	f	1	0	0	0	2	42	e	tag77
623.390427	0.0001	1	1	1	0	2	43	e	1	0	0	0	2	43	e	tag78
623.484593	0.0001	1	1	1	0	2	44	f	1	0	0	0	2	44	e	tag79
623.512184	0.0001	1	1	1	0	2	3	f	1	0	0	0	2	2	e	tag80
624.228453	0.0001	1	1	1	0	2	4	e	1	0	0	0	2	3	e	tag81
624.945219	0.0001	1	1	1	0	2	5	f	1	0	0	0	2	4	e	tag82
625.662479	0.0001	1	1	1	0	2	6	e	1	0	0	0	2	5	e	tag83
626.380231	0.0001	1	1	1	0	2	7	f	1	0	0	0	2	6	e	tag84
626.584021	0.0001	1	2	2	0	2	13	f	1	1	1	0	2	13	f	tag85
626.590808	0.0001	1	2	2	0	2	14	e	1	1	1	0	2	14	f	tag86
626.5981	0.0001	1	2	2	0	2	15	f	1	1	1	0	2	15	f	tag87
626.605902	0.0001	1	2	2	0	2	16	e	1	1	1	0	2	16	f	tag88
626.614218	0.0001	1	2	2	0	2	17	f	1	1	1	0	2	17	f	tag89
626.623054	0.0001	1	2	2	0	2	18	e	1	1	1	0	2	18	f	tag90
626.632413	0.0001	1	2	2	0	2	19	f	1	1	1	0	2	19	f	tag91
626.642302	0.0001	1	2	2	0	2	20	e	1	1	1	0	2	20	f	tag92
626.652725	0.0001	1	2	2	0	2	21	f	1	1	1	0	2	21	f	tag93
626.731968	0.0001	1	2	2	0	2	13	e	1	1	1	0	2	13	e	tag94
626.761425	0.0001	1	2	2	0	2	14	f	1	1	1	0	2	14	e	tag95
626.792983	0.0001	1	2	2	0	2	15	e	1	1	1	0	2	15	e	tag96
626.826637	0.0001	1	2	2	0	2	16	f	1	1	1	0	2	16	e	tag97
626.862388	0.0001	1	2	2	0	2	17	e	1	1	1	0	2	17	e	tag98
626.900234	0.0001	1	2	2	0	2	18	f	1	1	1	0	2	18	e	tag99
626.940175	0.0001	1	2	2	0	2	19	e	1	1	1	0	2	19	e	tag100
626.982209	0.0001	1	2	2	0	2	20	f	1	1	1	0	2	20	e	tag101
627.026333	0.0001	1	2	2	0	2	21	e	1	1	1	0	2	21	e	tag102
627.098474	0.0001	1	1	1	0	2	8	e	1	0	0	0	2	7	e	tag103
627.817205	0.0001	1	1	1	0	2	9	f	1	0	0	0	2	8	e	tag104
628.536422	0.0001	1	1	1	0	2	10	e	1	0	0	0	2	9	e	tag105
629.256124	0.0001	1	1	1	0	2	11	f	1	0	0	0	2	10	e	tag106
629.976309	0.0001	1	1	1	0	2	12	e	1	0	0	0	2	11	e	tag107
630.696976	0.0001	1	1	1	0	2	13	f	1	0	0	0	2	12	e	tag108
631.418123	0.0001	1	1	1	0	2	14	e	1	0	0	0	2	13	e	tag109
632.13975	0.0001	1	1	1	0	2	15	f	1	0	0	0	2	14	e	tag110
632.861856	0.0001	1	1	1	0	2	16	e	1	0	0	0	2	15	e	tag111
633.58444	0.0001	1	1	1	0	2	17	f	1	0	0	0	2	16	e	tag112
634.3075	0.0001	1	1	1	0	2	18	e	1	0	0	0	2	17	e	tag113
635.031038	0.0001	1	1	1	0	2	19	f	1	0	0	0	2	18	e	tag114
635.755052	0.0001	1	1	1	0	2	20	e	1	0	0	0	2	19	e	tag115
636.479542	0.0001	1	1	1	0	2	21	f	1	0	0	0	2	20	e	tag116
637.204508	0.0001	1	1	1	0	2	22	e	1	0	0	0	2	21	e	tag117
637.318174	0.0001	1	1	1	0	1	32	e	1	0	0	0	1	33	e	tag118
637.92995	0.0001	1	1	1	0	2	23	f	1	0	0	0	2	22	e	tag119
638.02041	0.0001	1	1	1	0	1	31	f	1	0	0	0	1	32	e	tag120
638.655868	0.0001	1	1	1	0	2	24	e	1	0	0	0	2	23	e	tag121
638.722975	0.0001	1	1	1	0	1	30	e	1	0	0	0	1	31	e	tag122
639.382263	0.0001	1	1	1	0	2	25	f	1	0	0	0	2	24	e	tag123
639.425875	0.0001	1	1	1	0	1	29	f	1	0	0	0	1	30	e	tag124
640.109135	0.0001	1	1	1	0	2	26	e	1	0	0	0	2	25	e	tag125
640.129114	0.0001	1	1	1	0	1	28	e	1	0	0	0	1	29	e	tag126
640.832696	0.0001	1	1	1	0	1	27	f	1	0	0	0	1	28	e	tag127
640.836485	0.0001	1	1	1	0	2	27	f	1	0	0	0	2	26	e	tag128
641.536625	0.0001	1	1	1	0	1	26	e	1	0	0	0	1	27	e	tag129
641.564312	0.0001	1	1	1	0	2	28	e	1	0	0	0	2	27	e	tag130
642.240905	0.0001	1	1	1	0	1	25	f	1	0	0	0	1	26	e	tag131
642.292619	0.0001	1	1	1	0	2	29	f	1	0	0	0	2	28	e	tag132
642.945538	0.0001	1	1	1	0	1	24	e	1	0	0	0	1	25	e	tag133
643.021406	0.0001	1	1	1	0	2	30	e	1	0	0	0	2	29	e	tag134
643.650529	0.0001	1	1	1	0	1	23	f	1	0	0	0	1	24	e	tag135
643.750674	0.0001	1	1	1	0	2	31	f	1	0	0	0	2	30	e	tag136
644.355881	0.0001	1	1	1	0	1	22	e	1	0	0	0	1	23	e	tag137
644.480425	0.0001	1	1	1	0	2	32	e	1	0	0	0	2	31	e	tag138
645.061595	0.0001	1	1	1	0	1	21	f	1	0	0	0	1	22	e	tag139
645.210659	0.0001	1	1	1	0	2	33	f	1	0	0	0	2	32	e	tag140
645.767675	0.0001	1	1	1	0	1	20	e	1	0	0	0	1	21	e	tag141
645.941378	0.0001	1	1	1	0	2	34	e	1	0	0	0	2	33	e	tag142
646.474123	0.0001	1	1	1	0	1	19	f	1	0	0	0	1	20	e	tag143
646.672584	0.0001	1	1	1	0	2	35	f	1	0	0	0	2	34	e	tag144
647.18094	0.0001	1	1	1	0	1	18	e	1	0	0	0	1	19	e	tag145
647.404279	0.0001	1	1	1	0	2	36	e	1	0	0	0	2	35	e	tag146
647.88813	0.0001	1	1	1	0	1	17	f	1	0	0	0	1	18	e	tag147
648.136463	0.0001	1	1	1	0	2	37	f	1	0	0	0	2	36	e	tag148
648.595693	0.0001	1	1	1	0	1	16	e	1	0	0	0	1	17	e	tag149
648.86914	0.0001	1	1	1	0	2	38	e	1	0	0	0	2	37	e	tag150
649.30363	0.0001	1	1	1	0	1	15	f	1	0	0	0	1	16	e	tag151
649.60231	0.0001	1	1	1	0	2	39	f	1	0	0	0	2	38	e	tag152
650.011944	0.0001	1	1	1	0	1	14	e	1	0	0	0	1	15	e	tag153
650.335977	0.0001	1	1	1	0	2	40	e	1	0	0	0	2	39	e	tag154
650.720634	0.0001	1	1	1	0	1	13	f	1	0	0	0	1	14	e	tag155
651.070141	0.0001	1	1	1	0	2	41	f	1	0	0	0	2	40	e	tag156
651.429702	0.0001	1	1	1	0	1	12	e	1	0	0	0	1	13	e	tag157
652.139148	0.0001	1	1	1	0	1	11	f	1	0	0	0	1	12	e	tag158
652.848973	0.0001	1	1	1	0	1	10	e	1	0	0	0	1	11	e	tag159
653.559176	0.0001	1	1	1	0	1	9	f	1	0	0	0	1	10	e	tag160
654.269758	0.0001	1	1	1	0	1	8	e	1	0	0	0	1	9	e	tag161
654.980717	0.0001	1	1	1	0	1	7	f	1	0	0	0	1	8	e	tag162
655.692054	0.0001	1	1	1	0	1	6	e	1	0	0	0	1	7	e	tag163
656.403768	0.0001	1	1	1	0	1	5	f	1	0	0	0	1	6	e	tag164
660.687861	0.0001	1	1	1	0	1	2	f	1	0	0	0	1	2	e	tag165
660.693837	0.0001	1	1	1	0	1	3	e	1	0	0	0	1	3	e	tag166
660.701804	0.0001	1	1	1	0	1	4	f	1	0	0	0	1	4	e	tag167
660.711762	0.0001	1	1	1	0	1	5	e	1	0	0	0	1	5	e	tag168
660.72371	0.0001	1	1	1	0	1	6	f	1	0	0	0	1	6	e	tag169
660.737647	0.0001	1	1	1	0	1	7	e	1	0	0	0	1	7	e	tag170
660.753573	0.0001	1	1	1	0	1	8	f	1	0	0	0	1	8	e	tag171
660.771486	0.0001	1	1	1	0	1	9	e	1	0	0	0	1	9	e	tag172
660.791386	0.0001	1	1	1	0	1	10	f	1	0	0	0	1	10	e	tag173
660.81327	0.0001	1	1	1	0	1	11	e	1	0	0	0	1	11	e	tag174
660.837138	0.0001	1	1	1	0	1	12	f	1	0	0	0	1	12	e	tag175
660.862988	0.0001	1	1	1	0	1	13	e	1	0	0	0	1	13	e	tag176
660.890818	0.0001	1	1	1	0	1	14	f	1	0	0	0	1	14	e	tag177
660.920626	0.0001	1	1	1	0	1	15	e	1	0	0	0	1	15	e	tag178
660.952411	0.0001	1	1	1	0	1	16	f	1	0	0	0	1	16	e	tag179
660.98617	0.0001	1	1	1	0	1	17	e	1	0	0	0	1	17	e	tag180
661.021901	0.0001	1	1	1	0	1	18	f	1	0	0	0	1	18	e	tag181
661.059602	0.0001	1	1	1	0	1	19	e	1	0	0	0	1	19	e	tag182
661.099269	0.0001	1	1	1	0	1	20	f	1	0	0	0	1	20	e	tag183
661.140902	0.0001	1	1	1	0	1	21	e	1	0	0	0	1	21	e	tag184
661.184495	0.0001	1	1	1	0	1	22	f	1	0	0	0	1	22	e	tag185
661.230048	0.0001	1	1	1	0	1	23	e	1	0	0	0	1	23	e	tag186
661.277556	0.0001	1	1	1	0	1	24	f	1	0	0	0	1	24	e	tag187
661.327016	0.0001	1	1	1	0	1	25	e	1	0	0	0	1	25	e	tag188
661.378425	0.0001	1	1	1	0	1	26	f	1	0	0	0	1	26	e	tag189
661.43178	0.0001	1	1	1	0	1	27	e	1	0	0	0	1	27	e	tag190
661.487076	0.0001	1	1	1	0	1	28	f	1	0	0	0	1	28	e	tag191
661.54431	0.0001	1	1	1	0	1	29	e	1	0	0	0	1	29	e	tag192
661.603477	0.0001	1	1	1	0	1	30	f	1	0	0	0	1	30	e	tag193
661.664575	0.0001	1	1	1	0	1	31	e	1	0	0	0	1	31	e	tag194
661.727597	0.0001	1	1	1	0	1	32	f	1	0	0	0	1	32	e	tag195
661.79254	0.0001	1	1	1	0	1	33	e	1	0	0	0	1	33	e	tag196
661.859399	0.0001	1	1	1	0	1	34	f	1	0	0	0	1	34	e	tag197
661.928169	0.0001	1	1	1	0	1	35	e	1	0	0	0	1	35	e	tag198
661.998846	0.0001	1	1	1	0	1	36	f	1	0	0	0	1	36	e	tag199
662.071423	0.0001	1	1	1	0	1	37	e	1	0	0	0	1	37	e	tag200
662.145896	0.0001	1	1	1	0	1	38	f	1	0	0	0	1	38	e	tag201
662.222259	0.0001	1	1	1	0	1	39	e	1	0	0	0	1	39	e	tag202
662.300507	0.0001	1	1	1	0	1	40	f	1	0	0	0	1	40	e	tag203
662.380633	0.0001	1	1	1	0	1	41	e	1	0	0	0	1	41	e	tag204
662.825898	0.0001	1	1	1	0	1	3	f	1	0	0	0	1	2	e	tag205
663.541286	0.0001	1	1	1	0	1	4	e	1	0	0	0	1	3	e	tag206
664.257028	0.0001	1	1	1	0	1	5	f	1	0	0	0	1	4	e	tag207
664.97312	0.0001	1	1	1	0	1	6	e	1	0	0	0	1	5	e	tag208
665.689559	0.0001	1	1	1	0	1	7	f	1	0	0	0	1	6	e	tag209
666.406341	0.0001	1	1	1	0	1	8	e	1	0	0	0	1	7	e	tag210
667.123461	0.0001	1	1	1	0	1	9	f	1	0	0	0	1	8	e	tag211
667.840916	0.0001	1	1	1	0	1	10	e	1	0	0	0	1	9	e	tag212
668.558702	0.0001	1	1	1	0	1	11	f	1	0	0	0	1	10	e	tag213
669.276813	0.0001	1	1	1	0	1	12	e	1	0	0	0	1	11	e	tag214
669.995244	0.0001	1	1	1	0	1	13	f	1	0	0	0	1	12	e	tag215
670.713991	0.0001	1	1	1	0	1	14	e	1	0	0	0	1	13	e	tag216
671.433048	0.0001	1	1	1	0	1	15	f	1	0	0	0	1	14	e	tag217
672.15241	0.0001	1	1	1	0	1	16	e	1	0	0	0	1	15	e	tag218
672.87207	0.0001	1	1	1	0	1	17	f	1	0	0	0	1	16	e	tag219
673.592024	0.0001	1	1	1	0	1	18	e	1	0	0	0	1	17	e	tag220
674.312264	0.0001	1	1	1	0	1	19	f	1	0	0	0	1	18	e	tag221
675.032785	0.0001	1	1	1	0	1	20	e	1	0	0	0	1	19	e	tag222
675.753579	0.0001	1	1	1	0	1	21	f	1	0	0	0	1	20	e	tag223
676.47464	0.0001	1	1	1	0	1	22	e	1	0	0	0	1	21	e	tag224
677.195961	0.0001	1	1	1	0	1	23	f	1	0	0	0	1	22	e	tag225
677.917534	0.0001	1	1	1	0	1	24	e	1	0	0	0	1	23	e	tag226
678.639352	0.0001	1	1	1	0	1	25	f	1	0	0	0	1	24	e	tag227
679.361408	0.0001	1	1	1	0	1	26	e	1	0	0	0	1	25	e	tag228
680.083692	0.0001	1	1	1	0	1	27	f	1	0	0	0	1	26	e	tag229
680.806197	0.0001	1	1	1	0	1	28	e	1	0	0	0	1	27	e	tag230
681.528915	0.0001	1	1	1	0	1	29	f	1	0	0	0	1	28	e	tag231
682.251837	0.0001	1	1	1	0	1	30	e	1	0	0	0	1	29	e	tag232
682.974953	0.0001	1	1	1	0	1	31	f	1	0	0	0	1	30	e	tag233
683.698255	0.0001	1	1	1	0	1	32	e	1	0	0	0	1	31	e	tag234
684.421734	0.0001	1	1	1	0	1	33	f	1	0	0	0	1	32	e	tag235
685.145379	0.0001	1	1	1	0	1	34	e	1	0	0	0	1	33	e	tag236
685.869182	0.0001	1	1	1	0	1	35	f	1	0	0	0	1	34	e	tag237
686.593131	0.0001	1	1	1	0	1	36	e	1	0	0	0	1	35	e	tag238
687.317216	0.0001	1	1	1	0	1	37	f	1	0	0	0	1	36	e	tag239
2187.114527	0.0001	1	0	0	1	2	56	e	1	0	0	0	2	57	e	tag240
2188.117406	0.0001	1	0	0	1	2	55	f	1	0	0	0	2	56	e	tag241
2188.813349	0.0001	1	0	0	1	1	53	f	1	0	0	0	1	54	e	tag242
2189.115204	0.0001	1	0	0	1	2	54	e	1	0	0	0	2	55	e	tag243
2189.814913	0.0001	1	0	0	1	1	52	e	1	0	0	0	1	53	e	tag244
2190.107917	0.0001	1	0	0	1	2	53	f	1	0	0	0	2	54	e	tag245
2190.811121	0.0001	1	0	0	1	1	51	f	1	0	0	0	1	52	e	tag246
2191.095543	0.0001	1	0	0	1	2	52	e	1	0	0	0	2	53	e	tag247
2191.80197	0.0001	1	0	0	1	1	50	e	1	0	0	0	1	51	e	tag248
2192.07808	0.0001	1	0	0	1	2	51	f	1	0	0	0	2	52	e	tag249
2192.787456	0.0001	1	0	0	1	1	49	f	1	0	0	0	1	50	e	tag250
2193.055526	0.0001	1	0	0	1	2	50	e	1	0	0	0	2	51	e	tag251
2193.767578	0.0001	1	0	0	1	1	48	e	1	0	0	0	1	49	e	tag252
2194.027878	0.0001	1	0	0	1	2	49	f	1	0	0	0	2	50	e	tag253
2194.742331	0.0001	1	0	0	1	1	47	f	1	0	0	0	1	48	e	tag254
2194.995134	0.0001	1	0	0	1	2	48	e	1	0	0	0	2	49	e	tag255
2195.711714	0.0001	1	0	0	1	1	46	e	1	0	0	0	1	47	e	tag256
2195.739286	0.0001	1	1	1	1	2	35	e	1	1	1	0	2	36	f	tag257
2195.816707	0.0001	1	1	1	1	2	35	f	1	1	1	0	2	36	e	tag258
2195.957291	0.0001	1	0	0	1	2	47	f	1	0	0	0	2	48	e	tag259
2196.63738	0.0001	1	1	1	1	2	34	f	1	1	1	0	2	35	f	tag260
2196.675724	0.0001	1	0	0	1	1	45	f	1	0	0	0	1	46	e	tag261
2196.712113	0.0001	1	1	1	1	2	34	e	1	1	1	0	2	35	e	tag262
2196.914347	0.0001	1	0	0	1	2	46	e	1	0	0	0	2	47	e	tag263
2197.530335	0.0001	1	1	1	1	2	33	e	1	1	1	0	2	34	f	tag264
2197.602412	0.0001	1	1	1	1	2	33	f	1	1	1	0	2	34	e	tag265
2197.634357	0.0001	1	0	0	1	1	44	e	1	0	0	0	1	45	e	tag266
2197.8663	0.0001	1	0	0	1	2	45	f	1	0	0	0	2	46	e	tag267
2198.418147	0.0001	1	1	1	1	2	32	f	1	1	1	0	2	33	f	tag268
2198.487601	0.0001	1	1	1	1	2	32	e	1	1	1	0	2	33	e	tag269
2198.587611	0.0001	1	0	0	1	1	43	f	1	0	0	0	1	44	e	tag270
2198.813147	0.0001	1	0	0	1	2	44	e	1	0	0	0	2	45	e	tag271
2199.300813	0.0001	1	1	1	1	2	31	e	1	1	1	0	2	32	f	tag272
2199.367677	0.0001	1	1	1	1	2	31	f	1	1	1	0	2	32	e	tag273
2199.535483	0.0001	1	0	0	1	1	42	e	1	0	0	0	1	43	e	tag274
2199.754886	0.0001	1	0	0	1	2	43	f	1	0	0	0	2	44	e	tag275
2200.17833	0.0001	1	1	1	1	2	30	f	1	1	1	0	2	31	f	tag276
2200.242637	0.0001	1	1	1	1	2	30	e	1	1	1	0	2	31	e	tag277
2200.47797	0.0001	1	0	0	1	1	41	f	1	0	0	0	1	42	e	tag278
2200.691514	0.0001	1	0	0	1	2	42	e	1	0	0	0	2	43	e	tag279
2201.050696	0.0001	1	1	1	1	2	29	e	1	1	1	0	2	30	f	tag280
2201.112477	0.0001	1	1	1	1	2	29	f	1	1	1	0	2	30	e	tag281
2201.295421	0.0001	1	1	1	1	1	27	e	1	1	1	0	1	28	f	tag282
2201.375244	0.0001	1	1	1	1	1	27	f	1	1	1	0	1	28	e	tag283
2201.415069	0.0001	1	0	0	1	1	40	e	1	0	0	0	1	41	e	tag284
2201.623029	0.0001	1	0	0	1	2	41	f	1	0	0	0	2	42	e	tag285
2201.917906	0.0001	1	1	1	1	2	28	f	1	1	1	0	2	29	f	tag286
2201.977194	0.0001	1	1	1	1	2	28	e	1	1	1	0	2	29	e	tag287
2202.157501	0.0001	1	1	1	1	1	26	f	1	1	1	0	1	27	f	tag288
2202.233222	0.0001	1	1	1	1	1	26	e	1	1	1	0	1	27	e	tag289
2202.346779	0.0001	1	0	0	1	1	39	f	1	0	0	0	1	40	e	tag290
2202.549427	0.0001	1	0	0	1	2	40	e	1	0	0	0	2	41	e	tag291
2202.779959	0.0001	1	1	1	1	2	27	e	1	1	1	0	2	28	f	tag292
2202.836784	0.0001	1	1	1	1	2	27	f	1	1	1	0	2	28	e	tag293
2203.014203	0.0001	1	1	1	1	1	25	e	1	1	1	0	1	26	f	tag294
2203.085917	0.0001	1	1	1	1	1	25	f	1	1	1	0	1	26	e	tag295
2203.273095	0.0001	1	0	0	1	1	38	e	1	0	0	0	1	39	e	tag296
2203.470707	0.0001	1	0	0	1	2	39	f	1	0	0	0	2	40	e	tag297
2203.636851	0.0001	1	1	1	1	2	26	f	1	1	1	0	2	27	f	tag298
2203.691244	0.0001	1	1	1	1	2	26	e	1	1	1	0	2	27	e	tag299
2203.865526	0.0001	1	1	1	1	1	24	f	1	1	1	0	1	25	f	tag300
2203.933327	0.0001	1	1	1	1	1	24	e	1	1	1	0	1	25	e	tag301
2204.194015	0.0001	1	0	0	1	1	37	f	1	0	0	0	1	38	e	tag302
2204.386866	0.0001	1	0	0	1	2	38	e	1	0	0	0	2	39	e	tag303
2204.48858	0.0001	1	1	1	1	2	25	e	1	1	1	0	2	26	f	tag304
2204.540572	0.0001	1	1	1	1	2	25	f	1	1	1	0	2	26	e	tag305
2204.711465	0.0001	1	1	1	1	1	23	e	1	1	1	0	1	24	f	tag306
2204.775449	0.0001	1	1	1	1	1	23	f	1	1	1	0	1	24	e	tag307
2205.109537	0.0001	1	0	0	1	1	36	e	1	0	0	0	1	37	e	tag308
2205.297902	0.0001	1	0	0	1	2	37	f	1	0	0	0	2	38	e	tag309
2205.335141	0.0001	1	1	1	1	2	24	f	1	1	1	0	2	25	f	tag310
2205.384763	0.0001	1	1	1	1	2	24	e	1	1	1	0	2	25	e	tag311
2205.552018	0.0001	1	1	1	1	1	22	f	1	1	1	0	1	23	f	tag312
2205.612278	0.0001	1	1	1	1	1	22	e	1	1	1	0	1	23	e	tag313
2206.019657	0.0001	1	0	0	1	1	35	f	1	0	0	0	1	36	e	tag314
2206.176532	0.0001	1	1	1	1	2	23	e	1	1	1	0	2	24	f	tag315
2206.203811	0.0001	1	0	0	1	2	36	e	1	0	0	0	2	37	e	tag316
2206.223815	0.0001	1	1	1	1	2	23	f	1	1	1	0	2	24	e	tag317
2206.387182	0.0001	1	1	1	1	1	21	e	1	1	1	0	1	22	f	tag318
2206.443813	0.0001	1	1	1	1	1	21	f	1	1	1	0	1	22	e	tag319
2206.924373	0.0001	1	0	0	1	1	34	e	1	0	0	0	1	35	e	tag320
2207.012751	0.0001	1	1	1	1	2	22	f	1	1	1	0	2	23	f	tag321
2207.057723	0.0001	1	1	1	1	2	22	e	1	1	1	0	2	23	e	tag322
2207.104591	0.0001	1	0	0	1	2	35	f	1	0	0	0	2	36	e	tag323
2207.216954	0.0001	1	1	1	1	1	20	f	1	1	1	0	1	21	f	tag324
2207.27005	0.0001	1	1	1	1	1	20	e	1	1	1	0	1	21	e	tag325
2207.823682	0.0001	1	0	0	1	1	33	f	1	0	0	0	1	34	e	tag326
2207.843793	0.0001	1	1	1	1	2	21	e	1	1	1	0	2	22	f	tag327
2207.886486	0.0001	1	1	1	1	2	21	f	1	1	1	0	2	22	e	tag328
2208.00024	0.0001	1	0	0	1	2	34	e	1	0	0	0	2	35	e	tag329
2208.041333	0.0001	1	1	1	1	1	19	e	1	1	1	0	1	20	f	tag330
2208.090986	0.0001	1	1	1	1	1	19	f	1	1	1	0	1	20	e	tag331
2208.669657	0.0001	1	1	1	1	2	20	f	1	1	1	0	2	21	f	tag332
2208.7101	0.0001	1	1	1	1	2	20	e	1	1	1	0	2	21	e	tag333
2208.717582	0.0001	1	0	0	1	1	32	e	1	0	0	0	1	33	e	tag334
2208.860314	0.0001	1	1	1	1	1	18	f	1	1	1	0	1	19	f	tag335
2208.890754	0.0001	1	0	0	1	2	33	f	1	0	0	0	2	34	e	tag336
2208.906618	0.0001	1	1	1	1	1	18	e	1	1	1	0	1	19	e	tag337
2209.490338	0.0001	1	1	1	1	2	19	e	1	1	1	0	2	20	f	tag338
2209.528561	0.0001	1	1	1	1	2	19	f	1	1	1	0	2	20	e	tag339
2209.60607	0.0001	1	0	0	1	1	31	f	1	0	0	0	1	32	e	tag340
2209.673895	0.0001	1	1	1	1	1	17	e	1	1	1	0	1	18	f	tag341
2209.716942	0.0001	1	1	1	1	1	17	f	1	1	1	0	1	18	e	tag342
2209.776132	0.0001	1	0	0	1	2	32	e	1	0	0	0	2	33	e	tag343
2210.305834	0.0001	1	1	1	1	2	18	f	1	1	1	0	2	19	f	tag344
2210.341867	0.0001	1	1	1	1	2	18	e	1	1	1	0	2	19	e	tag345
2210.482074	0.0001	1	1	1	1	1	16	f	1	1	1	0	1	17	f	tag346
2210.489142	0.0001	1	0	0	1	1	30	e	1	0	0	0	1	31	e	tag347
2210.521957	0.0001	1	1	1	1	1	16	e	1	1	1	0	1	17	e	tag348
2210.656369	0.0001	1	0	0	1	2	31	f	1	0	0	0	2	32	e	tag349
2211.116142	0.0001	1	1	1	1	2	17	e	1	1	1	0	2	18	f	tag350
2211.150014	0.0001	1	1	1	1	2	17	f	1	1	1	0	2	18	e	tag351
2211.284847	0.0001	1	1	1	1	1	15	e	1	1	1	0	1	16	f	tag352
2211.321658	0.0001	1	1	1	1	1	15	f	1	1	1	0	1	16	e	tag353
2211.366798	0.0001	1	0	0	1	1	29	f	1	0	0	0	1	30	e	tag354
2211.531465	0.0001	1	0	0	1	2	30	e	1	0	0	0	2	31	e	tag355
2211.921259	0.0001	1	1	1	1	2	16	f	1	1	1	0	2	17	f	tag356
2211.953	0.0001	1	1	1	1	2	16	e	1	1	1	0	2	17	e	tag357
2212.082213	0.0001	1	1	1	1	1	14	f	1	1	1	0	1	15	f	tag358
2212.116044	0.0001	1	1	1	1	1	14	e	1	1	1	0	1	15	e	tag359
2212.239033	0.0001	1	0	0	1	1	28	e	1	0	0	0	1	29	e	tag360
2212.401415	0.0001	1	0	0	1	2	29	f	1	0	0	0	2	30	e	tag361
2212.721181	0.0001	1	1	1	1	2	15	e	1	1	1	0	2	16	f	tag362
2212.75082	0.0001	1	1	1	1	2	15	f	1	1	1	0	2	16	e	tag363
2212.874168	0.0001	1	1	1	1	1	13	e	1	1	1	0	1	14	f	tag364
2212.90511	0.0001	1	1	1	1	1	13	f	1	1	1	0	1	14	e	tag365
2213.105845	0.0001	1	0	0	1	1	27	f	1	0	0	0	1	28	e	tag366
2213.266218	0.0001	1	0	0	1	2	28	e	1	0	0	0	2	29	e	tag367
2213.515906	0.0001	1	1	1	1	2	14	f	1	1	1	0	2	15	f	tag368
2213.543473	0.0001	1	1	1	1	2	14	e	1	1	1	0	2	15	e	tag369
2213.66071	0.0001	1	1	1	1	1	12	f	1	1	1	0	1	13	f	tag370
2213.688855	0.0001	1	1	1	1	1	12	e	1	1	1	0	1	13	e	tag371
2213.967231	0.0001	1	0	0	1	1	26	e	1	0	0	0	1	27	e	tag372
2214.12587	0.0001	1	0	0	1	2	27	f	1	0	0	0	2	28	e	tag373
2214.305431	0.0001	1	1	1	1	2	13	e	1	1	1	0	2	14	f	tag374
2214.330954	0.0001	1	1	1	1	2	13	f	1	1	1	0	2	14	e	tag375
2214.441836	0.0001	1	1	1	1	1	11	e	1	1	1	0	1	12	f	tag376
2214.467275	0.0001	1	1	1	1	1	11	f	1	1	1	0	1	12	e	tag377
2214.82319	0.0001	1	0	0	1	1	25	f	1	0	0	0	1	26	e	tag378
2214.980369	0.0001	1	0	0	1	2	26	e	1	0	0	0	2	27	e	tag379
2215.089752	0.0001	1	1	1	1	2	12	f	1	1	1	0	2	13	f	tag380
2215.113261	0.0001	1	1	1	1	2	12	e	1	1	1	0	2	13	e	tag381
2215.217544	0.0001	1	1	1	1	1	10	f	1	1	1	0	1	11	f	tag382
2215.240367	0.0001	1	1	1	1	1	10	e	1	1	1	0	1	11	e	tag383
2215.673718	0.0001	1	0	0	1	1	24	e	1	0	0	0	1	25	e	tag384
2215.829711	0.0001	1	0	0	1	2	25	f	1	0	0	0	2	26	e	tag385
2215.868866	0.0001	1	1	1	1	2	11	e	1	1	1	0	2	12	f	tag386
2215.89039	0.0001	1	1	1	1	2	11	f	1	1	1	0	2	12	e	tag387
2215.987831	0.0001	1	1	1	1	1	9	e	1	1	1	0	1	10	f	tag388
2216.008129	0.0001	1	1	1	1	1	9	f	1	1	1	0	1	10	e	tag389
2216.518812	0.0001	1	0	0	1	1	23	f	1	0	0	0	1	24	e	tag390
2216.642771	0.0001	1	1	1	1	2	10	f	1	1	1	0	2	11	f	tag391
2216.662339	0.0001	1	1	1	1	2	10	e	1	1	1	0	2	11	e	tag392
2216.673895	0.0001	1	0	0	1	2	24	e	1	0	0	0	2	25	e	tag393
2216.752694	0.0001	1	1	1	1	1	8	f	1	1	1	0	1	9	f	tag394
2216.770558	0.0001	1	1	1	1	1	8	e	1	1	1	0	1	9	e	tag395
2217.358471	0.0001	1	0	0	1	1	22	e	1	0	0	0	1	23	e	tag396
2217.411462	0.0001	1	1	1	1	2	9	e	1	1	1	0	2	10	f	tag397
2217.429105	0.0001	1	1	1	1	2	9	f	1	1	1	0	2	10	e	tag398
2217.51213	0.0001	1	1	1	1	1	7	e	1	1	1	0	1	8	f	tag399
2217.512916	0.0001	1	0	0	1	2	23	f	1	0	0	0	2	24	e	tag400
2217.52765	0.0001	1	1	1	1	1	7	f	1	1	1	0	1	8	e	tag401
2218.174938	0.0001	1	1	1	1	2	8	f	1	1	1	0	2	9	f	tag402
2218.190683	0.0001	1	1	1	1	2	8	e	1	1	1	0	2	9	e	tag403
2218.192691	0.0001	1	0	0	1	1	21	f	1	0	0	0	1	22	e	tag404
2218.346773	0.0001	1	0	0	1	2	22	e	1	0	0	0	2	23	e	tag405
2218.933195	0.0001	1	1	1	1	2	7	e	1	1	1	0	2	8	f	tag406
2218.947073	0.0001	1	1	1	1	2	7	f	1	1	1	0	2	8	e	tag407
2219.02147	0.0001	1	0	0	1	1	20	e	1	0	0	0	1	21	e	tag408
2219.175463	0.0001	1	0	0	1	2	21	f	1	0	0	0	2	22	e	tag409
2219.686229	0.0001	1	1	1	1	2	6	f	1	1	1	0	2	7	f	tag410
2219.698269	0.0001	1	1	1	1	2	6	e	1	1	1	0	2	7	e	tag411
2219.844805	0.0001	1	0	0	1	1	19	f	1	0	0	0	1	20	e	tag412
2219.998982	0.0001	1	0	0	1	2	20	e	1	0	0	0	2	21	e	tag413
2220.434039	0.0001	1	1	1	1	2	5	e	1	1	1	0	2	6	f	tag414
2220.44427	0.0001	1	1	1	1	2	5	f	1	1	1	0	2	6	e	tag415
2220.662695	0.0001	1	0	0	1	1	18	e	1	0	0	0	1	19	e	tag416
2220.817328	0.0001	1	0	0	1	2	19	f	1	0	0	0	2	20	e	tag417
2221.17662	0.0001	1	1	1	1	2	4	f	1	1	1	0	2	5	f	tag418
2221.185071	0.0001	1	1	1	1	2	4	e	1	1	1	0	2	5	e	tag419
2221.475135	0.0001	1	0	0	1	1	17	f	1	0	0	0	1	18	e	tag420
2221.630497	0.0001	1	0	0	1	2	18	e	1	0	0	0	2	19	e	tag421
2221.91397	0.0001	1	1	1	1	2	3	e	1	1	1	0	2	4	f	tag422
2221.920671	0.0001	1	1	1	1	2	3	f	1	1	1	0	2	4	e	tag423
2222.282124	0.0001	1	0	0	1	1	16	e	1	0	0	0	1	17	e	tag424
2222.438488	0.0001	1	0	0	1	2	17	f	1	0	0	0	2	18	e	tag425
2223.08366	0.0001	1	0	0	1	1	15	f	1	0	0	0	1	16	e	tag426
2223.241296	0.0001	1	0	0	1	2	16	e	1	0	0	0	2	17	e	tag427
2223.87974	0.0001	1	0	0	1	1	14	e	1	0	0	0	1	15	e	tag428
2224.03892	0.0001	1	0	0	1	2	15	f	1	0	0	0	2	16	e	tag429
2224.67036	0.0001	1	0	0	1	1	13	f	1	0	0	0	1	14	e	tag430
2224.831355	0.0001	1	0	0	1	2	14	e	1	0	0	0	2	15	e	tag431
2225.45552	0.0001	1	0	0	1	1	12	e	1	0	0	0	1	13	e	tag432
2225.6186	0.0001	1	0	0	1	2	13	f	1	0	0	0	2	14	e	tag433
2226.235216	0.0001	1	0	0	1	1	11	f	1	0	0	0	1	12	e	tag434
2226.400651	0.0001	1	0	0	1	2	12	e	1	0	0	0	2	13	e	tag435
2227.009445	0.0001	1	0	0	1	1	10	e	1	0	0	0	1	11	e	tag436
2227.177505	0.0001	1	0	0	1	2	11	f	1	0	0	0	2	12	e	tag437
2227.617845	0.0001	1	1	1	1	2	4	e	1	1	1	0	2	3	e	tag438
2227.624063	0.0001	1	1	1	1	2	4	f	1	1	1	0	2	3	f	tag439
2227.778206	0.0001	1	0	0	1	1	9	f	1	0	0	0	1	10	e	tag440
2227.949159	0.0001	1	0	0	1	2	10	e	1	0	0	0	2	11	e	tag441
2228.306493	0.0001	1	1	1	1	2	5	f	1	1	1	0	2	4	e	tag442
2228.31419	0.0001	1	1	1	1	2	5	e	1	1	1	0	2	4	f	tag443
2228.541497	0.0001	1	0	0	1	1	8	e	1	0	0	0	1	9	e	tag444
2228.715611	0.0001	1	0	0	1	2	9	f	1	0	0	0	2	10	e	tag445
2228.913302	0.0001	1	1	1	1	1	8	e	1	1	1	0	1	7	e	tag446
2228.923116	0.0001	1	1	1	1	1	8	f	1	1	1	0	1	7	f	tag447
2228.98991	0.0001	1	1	1	1	2	6	e	1	1	1	0	2	5	e	tag448
2228.999055	0.0001	1	1	1	1	2	6	f	1	1	1	0	2	5	f	tag449
2229.299314	0.0001	1	0	0	1	1	7	f	1	0	0	0	1	8	e	tag450
2229.476856	0.0001	1	0	0	1	2	8	e	1	0	0	0	2	9	e	tag451
2229.579288	0.0001	1	1	1	1	1	9	f	1	1	1	0	1	8	e	tag452
2229.589928	0.0001	1	1	1	1	1	9	e	1	1	1	0	1	8	f	tag453
2229.668093	0.0001	1	1	1	1	2	7	f	1	1	1	0	2	6	e	tag454
2229.678653	0.0001	1	1	1	1	2	7	e	1	1	1	0	2	6	f	tag455
2230.051655	0.0001	1	0	0	1	1	6	e	1	0	0	0	1	7	e	tag456
2230.232893	0.0001	1	0	0	1	2	7	f	1	0	0	0	2	8	e	tag457
2230.239893	0.0001	1	1	1	1	1	10	e	1	1	1	0	1	9	e	tag458
2230.251271	0.0001	1	1	1	1	1	10	f	1	1	1	0	1	9	f	tag459
2230.341038	0.0001	1	1	1	1	2	8	e	1	1	1	0	2	7	e	tag460
2230.352983	0.0001	1	1	1	1	2	8	f	1	1	1	0	2	7	f	tag461
2230.798518	0.0001	1	0	0	1	1	5	f	1	0	0	0	1	6	e	tag462
2230.895114	0.0001	1	1	1	1	1	11	f	1	1	1	0	1	10	e	tag463
2230.907142	0.0001	1	1	1	1	1	11	e	1	1	1	0	1	10	f	tag464
2230.983717	0.0001	1	0	0	1	2	6	e	1	0	0	0	2	7	e	tag465
2231.008743	0.0001	1	1	1	1	2	9	f	1	1	1	0	2	8	e	tag466
2231.02204	0.0001	1	1	1	1	2	9	e	1	1	1	0	2	8	f	tag467
2231.5399	0.0001	1	0	0	1	1	4	e	1	0	0	0	1	5	e	tag468
2231.54495	0.0001	1	1	1	1	1	12	e	1	1	1	0	1	11	e	tag469
2231.557538	0.0001	1	1	1	1	1	12	f	1	1	1	0	1	11	f	tag470
2231.671204	0.0001	1	1	1	1	2	10	e	1	1	1	0	2	9	e	tag471
2231.685823	0.0001	1	1	1	1	2	10	f	1	1	1	0	2	9	f	tag472
2231.729327	0.0001	1	0	0	1	2	5	f	1	0	0	0	2	6	e	tag473
2232.189399	0.0001	1	1	1	1	1	13	f	1	1	1	0	1	12	e	tag474
2232.202458	0.0001	1	1	1	1	1	13	e	1	1	1	0	1	12	f	tag475
2232.275799	0.0001	1	0	0	1	1	3	f	1	0	0	0	1	4	e	tag476
2232.328419	0.0001	1	1	1	1	2	11	f	1	1	1	0	2	10	e	tag477
2232.344327	0.0001	1	1	1	1	2	11	e	1	1	1	0	2	10	f	tag478
2232.469719	0.0001	1	0	0	1	2	4	e	1	0	0	0	2	5	e	tag479
2232.828458	0.0001	1	1	1	1	1	14	e	1	1	1	0	1	13	e	tag480
2232.841899	0.0001	1	1	1	1	1	14	f	1	1	1	0	1	13	f	tag481
2232.980385	0.0001	1	1	1	1	2	12	e	1	1	1	0	2	11	e	tag482
2232.997549	0.0001	1	1	1	1	2	12	f	1	1	1	0	2	11	f	tag483
2233.006213	0.0001	1	0	0	1	1	2	e	1	0	0	0	1	3	e	tag484
2233.204889	0.0001	1	0	0	1	2	3	f	1	0	0	0	2	4	e	tag485
2233.462124	0.0001	1	1	1	1	1	15	f	1	1	1	0	1	14	e	tag486
2233.475858	0.0001	1	1	1	1	1	15	e	1	1	1	0	1	14	f	tag487
2233.6271	0.0001	1	1	1	1	2	13	f	1	1	1	0	2	12	e	tag488
2233.645487	0.0001	1	1	1	1	2	13	e	1	1	1	0	2	12	f	tag489
2233.73114	0.0001	1	0	0	1	1	1	f	1	0	0	0	1	2	e	tag490
2233.934835	0.0001	1	0	0	1	2	2	e	1	0	0	0	2	3	e	tag491
2234.090397	0.0001	1	1	1	1	1	16	e	1	1	1	0	1	15	e	tag492
2234.104335	0.0001	1	1	1	1	1	16	f	1	1	1	0	1	15	f	tag493
2234.268559	0.0001	1	1	1	1	2	14	e	1	1	1	0	2	13	e	tag494
2234.288138	0.0001	1	1	1	1	2	14	f	1	1	1	0	2	13	f	tag495
2234.450576	0.0001	1	0	0	1	1	0	e	1	0	0	0	1	1	e	tag496
2234.659554	0.0001	1	0	0	1	2	1	f	1	0	0	0	2	2	e	tag497
2234.713274	0.0001	1	1	1	1	1	17	f	1	1	1	0	1	16	e	tag498
2234.727326	0.0001	1	1	1	1	1	17	e	1	1	1	0	1	16	f	tag499
2234.904761	0.0001	1	1	1	1	2	15	f	1	1	1	0	2	14	e	tag500
2234.925497	0.0001	1	1	1	1	2	15	e	1	1	1	0	2	14	f	tag501
2235.330752	0.0001	1	1	1	1	1	18	e	1	1	1	0	1	17	e	tag502
2235.344829	0.0001	1	1	1	1	1	18	f	1	1	1	0	1	17	f	tag503
2235.379042	0.0001	1	0	0	1	2	0	e	1	0	0	0	2	1	e	tag504
2235.535702	0.0001	1	1	1	1	2	16	e	1	1	1	0	2	15	e	tag505
2235.557562	0.0001	1	1	1	1	2	16	f	1	1	1	0	2	15	f	tag506
2235.87297	0.0001	1	0	0	1	1	1	f	1	0	0	0	1	0	e	tag507
2235.94283	0.0001	1	1	1	1	1	19	f	1	1	1	0	1	18	e	tag508
2235.956843	0.0001	1	1	1	1	1	19	e	1	1	1	0	1	18	f	tag509
2236.16138	0.0001	1	1	1	1	2	17	f	1	1	1	0	2	16	e	tag510
2236.184331	0.0001	1	1	1	1	2	17	e	1	1	1	0	2	16	f	tag511
2236.549506	0.0001	1	1	1	1	1	20	e	1	1	1	0	1	19	e	tag512
2236.563364	0.0001	1	1	1	1	1	20	f	1	1	1	0	1	19	f	tag513
2236.575923	0.0001	1	0	0	1	1	2	e	1	0	0	0	1	1	e	tag514
2236.781792	0.0001	1	1	1	1	2	18	e	1	1	1	0	2	17	e	tag515
2236.802314	0.0001	1	0	0	1	2	1	f	1	0	0	0	2	0	e	tag516
2236.805799	0.0001	1	1	1	1	2	18	f	1	1	1	0	2	17	f	tag517
2237.150778	0.0001	1	1	1	1	1	21	f	1	1	1	0	1	20	e	tag518
2237.164392	0.0001	1	1	1	1	1	21	e	1	1	1	0	1	20	f	tag519
2237.273377	0.0001	1	0	0	1	1	3	f	1	0	0	0	1	2	e	tag520
2237.396935	0.0001	1	1	1	1	2	19	f	1	1	1	0	2	18	e	tag521
2237.421963	0.0001	1	1	1	1	2	19	e	1	1	1	0	2	18	f	tag522
2237.506092	0.0001	1	0	0	1	2	2	e	1	0	0	0	2	1	e	tag523
2237.746644	0.0001	1	1	1	1	1	22	e	1	1	1	0	1	21	e	tag524
2237.759923	0.0001	1	1	1	1	1	22	f	1	1	1	0	1	21	f	tag525
2237.965329	0.0001	1	0	0	1	1	4	e	1	0	0	0	1	3	e	tag526
2238.006806	0.0001	1	1	1	1	2	20	e	1	1	1	0	2	19	e	tag527
2238.032821	0.0001	1	1	1	1	2	20	f	1	1	1	0	2	19	f	tag528
2238.204628	0.0001	1	0	0	1	2	3	f	1	0	0	0	2	2	e	tag529
2238.337102	0.0001	1	1	1	1	1	23	f	1	1	1	0	1	22	e	tag530
2238.349957	0.0001	1	1	1	1	1	23	e	1	1	1	0	1	22	f	tag531
2238.611403	0.0001	1	1	1	1	2	21	f	1	1	1	0	2	20	e	tag532
2238.638368	0.0001	1	1	1	1	2	21	e	1	1	1	0	2	20	f	tag533
2238.651778	0.0001	1	0	0	1	1	5	f	1	0	0	0	1	4	e	tag534
2238.897916	0.0001	1	0	0	1	2	4	e	1	0	0	0	2	3	e	tag535
2238.92215	0.0001	1	1	1	1	1	24	e	1	1	1	0	1	23	e	tag536
2238.93449	0.0001	1	1	1	1	1	24	f	1	1	1	0	1	23	f	tag537
2239.210723	0.0001	1	1	1	1	2	22	e	1	1	1	0	2	21	e	tag538
2239.238603	0.0001	1	1	1	1	2	22	f	1	1	1	0	2	21	f	tag539
2239.332721	0.0001	1	0	0	1	1	6	e	1	0	0	0	1	5	e	tag540
2239.501786	0.0001	1	1	1	1	1	25	f	1	1	1	0	1	24	e	tag541
2239.51352	0.0001	1	1	1	1	1	25	e	1	1	1	0	1	24	f	tag542
2239.585956	0.0001	1	0	0	1	2	5	f	1	0	0	0	2	4	e	tag543
2239.804762	0.0001	1	1	1	1	2	23	f	1	1	1	0	2	22	e	tag544
2239.833522	0.0001	1	1	1	1	2	23	e	1	1	1	0	2	22	f	tag545
2240.008155	0.0001	1	0	0	1	1	7	f	1	0	0	0	1	6	e	tag546
2240.076009	0.0001	1	1	1	1	1	26	e	1	1	1	0	1	25	e	tag547
2240.087047	0.0001	1	1	1	1	1	26	f	1	1	1	0	1	25	f	tag548
2240.268743	0.0001	1	0	0	1	2	6	e	1	0	0	0	2	5	e	tag549
2240.393519	0.0001	1	1	1	1	2	24	e	1	1	1	0	2	23	e	tag550
2240.423121	0.0001	1	1	1	1	2	24	f	1	1	1	0	2	23	f	tag551
2240.644817	0.0001	1	1	1	1	1	27	f	1	1	1	0	1	26	e	tag552
2240.655067	0.0001	1	1	1	1	1	27	e	1	1	1	0	1	26	f	tag553
2240.67808	0.0001	1	0	0	1	1	8	e	1	0	0	0	1	7	e	tag554
2240.946274	0.0001	1	0	0	1	2	7	f	1	0	0	0	2	6	e	tag555
2240.976991	0.0001	1	1	1	1	2	25	f	1	1	1	0	2	24	e	tag556
2241.007398	0.0001	1	1	1	1	2	25	e	1	1	1	0	2	24	f	tag557
2241.208207	0.0001	1	1	1	1	1	28	e	1	1	1	0	1	27	e	tag558
2241.217579	0.0001	1	1	1	1	1	28	f	1	1	1	0	1	27	f	tag559
2241.342492	0.0001	1	0	0	1	1	9	f	1	0	0	0	1	8	e	tag560
2241.555174	0.0001	1	1	1	1	2	26	e	1	1	1	0	2	25	e	tag561
2241.58635	0.0001	1	1	1	1	2	26	f	1	1	1	0	2	25	f	tag562
2241.618546	0.0001	1	0	0	1	2	8	e	1	0	0	0	2	7	e	tag563
2241.766179	0.0001	1	1	1	1	1	29	f	1	1	1	0	1	28	e	tag564
2241.77458	0.0001	1	1	1	1	1	29	e	1	1	1	0	1	28	f	tag565
2242.001389	0.0001	1	0	0	1	1	10	e	1	0	0	0	1	9	e	tag566
2242.128067	0.0001	1	1	1	1	2	27	f	1	1	1	0	2	26	e	tag567
2242.159972	0.0001	1	1	1	1	2	27	e	1	1	1	0	2	26	f	tag568
2242.285557	0.0001	1	0	0	1	2	9	f	1	0	0	0	2	8	e	tag569
2242.654769	0.0001	1	0	0	1	1	11	f	1	0	0	0	1	10	e	tag570
2242.695666	0.0001	1	1	1	1	2	28	e	1	1	1	0	2	27	e	tag571
2242.728263	0.0001	1	1	1	1	2	28	f	1	1	1	0	2	27	f	tag572
2242.947302	0.0001	1	0	0	1	2	10	e	1	0	0	0	2	9	e	tag573
2243.25797	0.0001	1	1	1	1	2	29	f	1	1	1	0	2	28	e	tag574
2243.291218	0.0001	1	1	1	1	2	29	e	1	1	1	0	2	28	f	tag575
2243.30263	0.0001	1	0	0	1	1	12	e	1	0	0	0	1	11	e	tag576
2243.603778	0.0001	1	0	0	1	2	11	f	1	0	0	0	2	10	e	tag577
2243.814974	0.0001	1	1	1	1	2	30	e	1	1	1	0	2	29	e	tag578
2243.848835	0.0001	1	1	1	1	2	30	f	1	1	1	0	2	29	f	tag579
2243.94497	0.0001	1	0	0	1	1	13	f	1	0	0	0	1	12	e	tag580
2244.254982	0.0001	1	0	0	1	2	12	e	1	0	0	0	2	11	e	tag581
2244.366678	0.0001	1	1	1	1	2	31	f	1	1	1	0	2	30	e	tag582
2244.401111	0.0001	1	1	1	1	2	31	e	1	1	1	0	2	30	f	tag583
2244.581787	0.0001	1	0	0	1	1	14	e	1	0	0	0	1	13	e	tag584
2244.900912	0.0001	1	0	0	1	2	13	f	1	0	0	0	2	12	e	tag585
2244.913077	0.0001	1	1	1	1	2	32	e	1	1	1	0	2	31	e	tag586
2244.948042	0.0001	1	1	1	1	2	32	f	1	1	1	0	2	31	f	tag587
2245.213078	0.0001	1	0	0	1	1	15	f	1	0	0	0	1	14	e	tag588
2245.454171	0.0001	1	1	1	1	2	33	f	1	1	1	0	2	32	e	tag589
2245.489625	0.0001	1	1	1	1	2	33	e	1	1	1	0	2	32	f	tag590
2245.541563	0.0001	1	0	0	1	2	14	e	1	0	0	0	2	13	e	tag591
2245.838842	0.0001	1	0	0	1	1	16	e	1	0	0	0	1	15	e	tag592
2245.989955	0.0001	1	1	1	1	2	34	e	1	1	1	0	2	33	e	tag593
2246.025857	0.0001	1	1	1	1	2	34	f	1	1	1	0	2	33	f	tag594
2246.176933	0.0001	1	0	0	1	2	15	f	1	0	0	0	2	14	e	tag595
2246.459076	0.0001	1	0	0	1	1	17	f	1	0	0	0	1	16	e	tag596
2246.520428	0.0001	1	1	1	1	2	35	f	1	1	1	0	2	34	e	tag597
2246.556735	0.0001	1	1	1	1	2	35	e	1	1	1	0	2	34	f	tag598
2246.807017	0.0001	1	0	0	1	2	16	e	1	0	0	0	2	15	e	tag599
2247.045588	0.0001	1	1	1	1	2	36	e	1	1	1	0	2	35	e	tag600
2247.073778	0.0001	1	0	0	1	1	18	e	1	0	0	0	1	17	e	tag601
2247.082256	0.0001	1	1	1	1	2	36	f	1	1	1	0	2	35	f	tag602
2247.431814	0.0001	1	0	0	1	2	17	f	1	0	0	0	2	16	e	tag603
2247.565431	0.0001	1	1	1	1	2	37	f	1	1	1	0	2	36	e	tag604
2247.602416	0.0001	1	1	1	1	2	37	e	1	1	1	0	2	36	f	tag605
2247.682947	0.0001	1	0	0	1	1	19	f	1	0	0	0	1	18	e	tag606
2248.051319	0.0001	1	0	0	1	2	18	e	1	0	0	0	2	17	e	tag607
2248.28658	0.0001	1	0	0	1	1	20	e	1	0	0	0	1	19	e	tag608
2248.66553	0.0001	1	0	0	1	2	19	f	1	0	0	0	2	18	e	tag609
2248.884675	0.0001	1	0	0	1	1	21	f	1	0	0	0	1	20	e	tag610
2249.274443	0.0001	1	0	0	1	2	20	e	1	0	0	0	2	19	e	tag611
2249.47723	0.0001	1	0	0	1	1	22	e	1	0	0	0	1	21	e	tag612
2249.878054	0.0001	1	0	0	1	2	21	f	1	0	0	0	2	20	e	tag613
2250.064244	0.0001	1	0	0	1	1	23	f	1	0	0	0	1	22	e	tag614
2250.476361	0.0001	1	0	0	1	2	22	e	1	0	0	0	2	21	e	tag615
2250.645713	0.0001	1	0	0	1	1	24	e	1	0	0	0	1	23	e	tag616
2251.069359	0.0001	1	0	0	1	2	23	f	1	0	0	0	2	22	e	tag617
2251.221637	0.0001	1	0	0	1	1	25	f	1	0	0	0	1	24	e	tag618
2251.657047	0.0001	1	0	0	1	2	24	e	1	0	0	0	2	23	e	tag619
2251.792014	0.0001	1	0	0	1	1	26	e	1	0	0	0	1	25	e	tag620
2252.23942	0.0001	1	0	0	1	2	25	f	1	0	0	0	2	24	e	tag621
2252.35684	0.0001	1	0	0	1	1	27	f	1	0	0	0	1	26	e	tag622
2252.816475	0.0001	1	0	0	1	2	26	e	1	0	0	0	2	25	e	tag623
2252.916116	0.0001	1	0	0	1	1	28	e	1	0	0	0	1	27	e	tag624
2253.388208	0.0001	1	0	0	1	2	27	f	1	0	0	0	2	26	e	tag625
2253.469837	0.0001	1	0	0	1	1	29	f	1	0	0	0	1	28	e	tag626
2253.954617	0.0001	1	0	0	1	2	28	e	1	0	0	0	2	27	e	tag627
2254.018004	0.0001	1	0	0	1	1	30	e	1	0	0	0	1	29	e	tag628
2254.515698	0.0001	1	0	0	1	2	29	f	1	0	0	0	2	28	e	tag629
2254.560613	0.0001	1	0	0	1	1	31	f	1	0	0	0	1	30	e	tag630
2255.071447	0.0001	1	0	0	1	2	30	e	1	0	0	0	2	29	e	tag631
2255.097663	0.0001	1	0	0	1	1	32	e	1	0	0	0	1	31	e	tag632
2255.621861	0.0001	1	0	0	1	2	31	f	1	0	0	0	2	30	e	tag633
2255.629153	0.0001	1	0	0	1	1	33	f	1	0	0	0	1	32	e	tag634
2256.15508	0.0001	1	0	0	1	1	34	e	1	0	0	0	1	33	e	tag635
2256.166937	0.0001	1	0	0	1	2	32	e	1	0	0	0	2	31	e	tag636
2256.675442	0.0001	1	0	0	1	1	35	f	1	0	0	0	1	34	e	tag637
2256.706672	0.0001	1	0	0	1	2	33	f	1	0	0	0	2	32	e	tag638
2257.190238	0.0001	1	0	0	1	1	36	e	1	0	0	0	1	35	e	tag639
2257.241061	0.0001	1	0	0	1	2	34	e	1	0	0	0	2	33	e	tag640
2257.699466	0.0001	1	0	0	1	1	37	f	1	0	0	0	1	36	e	tag641
2257.770101	0.0001	1	0	0	1	2	35	f	1	0	0	0	2	34	e	tag642
2258.203125	0.0001	1	0	0	1	1	38	e	1	0	0	0	1	37	e	tag643
2258.29379	0.0001	1	0	0	1	2	36	e	1	0	0	0	2	35	e	tag644
2258.701212	0.0001	1	0	0	1	1	39	f	1	0	0	0	1	38	e	tag645
2258.812123	0.0001	1	0	0	1	2	37	f	1	0	0	0	2	36	e	tag646
2259.193726	0.0001	1	0	0	1	1	40	e	1	0	0	0	1	39	e	tag647
2259.325098	0.0001	1	0	0	1	2	38	e	1	0	0	0	2	37	e	tag648
2259.680665	0.0001	1	0	0	1	1	41	f	1	0	0	0	1	40	e	tag649
2259.83271	0.0001	1	0	0	1	2	39	f	1	0	0	0	2	38	e	tag650
2260.162027	0.0001	1	0	0	1	1	42	e	1	0	0	0	1	41	e	tag651
2260.334956	0.0001	1	0	0	1	2	40	e	1	0	0	0	2	39	e	tag652
2260.637811	0.0001	1	0	0	1	1	43	f	1	0	0	0	1	42	e	tag653
2260.831833	0.0001	1	0	0	1	2	41	f	1	0	0	0	2	40	e	tag654
2261.108016	0.0001	1	0	0	1	1	44	e	1	0	0	0	1	43	e	tag655
2261.323337	0.0001	1	0	0	1	2	42	e	1	0	0	0	2	41	e	tag656
2261.572639	0.0001	1	0	0	1	1	45	f	1	0	0	0	1	44	e	tag657
2261.809465	0.0001	1	0	0	1	2	43	f	1	0	0	0	2	42	e	tag658
2262.03168	0.0001	1	0	0	1	1	46	e	1	0	0	0	1	45	e	tag659
2262.290213	0.0001	1	0	0	1	2	44	e	1	0	0	0	2	43	e	tag660
2262.485135	0.0001	1	0	0	1	1	47	f	1	0	0	0	1	46	e	tag661
2262.765578	0.0001	1	0	0	1	2	45	f	1	0	0	0	2	44	e	tag662
2262.933005	0.0001	1	0	0	1	1	48	e	1	0	0	0	1	47	e	tag663
2263.235556	0.0001	1	0	0	1	2	46	e	1	0	0	0	2	45	e	tag664
2263.375287	0.0001	1	0	0	1	1	49	f	1	0	0	0	1	48	e	tag665
2263.700143	0.0001	1	0	0	1	2	47	f	1	0	0	0	2	46	e	tag666
2263.81198	0.0001	1	0	0	1	1	50	e	1	0	0	0	1	49	e	tag667
2264.159337	0.0001	1	0	0	1	2	48	e	1	0	0	0	2	47	e	tag668
2264.243083	0.0001	1	0	0	1	1	51	f	1	0	0	0	1	50	e	tag669
2264.613133	0.0001	1	0	0	1	2	49	f	1	0	0	0	2	48	e	tag670
2264.668593	0.0001	1	0	0	1	1	52	e	1	0	0	0	1	51	e	tag671
2265.061528	0.0001	1	0	0	1	2	50	e	1	0	0	0	2	49	e	tag672
2265.08851	0.0001	1	0	0	1	1	53	f	1	0	0	0	1	52	e	tag673
2265.502831	0.0001	1	0	0	1	1	54	e	1	0	0	0	1	53	e	tag674
2265.504519	0.0001	1	0	0	1	2	51	f	1	0	0	0	2	50	e	tag675
2265.911557	0.0001	1	0	0	1	1	55	f	1	0	0	0	1	54	e	tag676
2265.942101	0.0001	1	0	0	1	2	52	e	1	0	0	0	2	51	e	tag677
2266.374272	0.0001	1	0	0	1	2	53	f	1	0	0	0	2	52	e	tag678
2266.801027	0.0001	1	0	0	1	2	54	e	1	0	0	0	2	53	e	tag679
2267.222363	0.0001	1	0	0	1	2	55	f	1	0	0	0	2	54	e	tag680
2267.638277	0.0001	1	0	0	1	2	56	e	1	0	0	0	2	55	e	tag681
2268.048765	0.0001	1	0	0	1	2	57	f	1	0	0	0	2	56	e	tag682
2268.453822	0.0001	1	0	0	1	2	58	e	1	0	0	0	2	57	e	tag683
