v	unc	v1'	v2'	l2'	v3'	r'	J'	sym'	v1''	v2''	l2''	v3''	r''	J''	sym''	tag
585.155321	0.0001	1	1	1	0	2	49	f	1	0	0	0	2	50	e	tag1
586.470071	0.0001	1	1	1	0	2	47	f	1	0	0	0	2	48	e	tag2
587.788394	0.0001	1	1	1	0	2	45	f	1	0	0	0	2	46	e	tag3
589.110232	0.0001	1	1	1	0	2	43	f	1	0	0	0	2	44	e	tag4
590.435528	0.0001	1	1	1	0	2	41	f	1	0	0	0	2	42	e	tag5
591.764226	0.0001	1	1	1	0	2	39	f	1	0	0	0	2	40	e	tag6
593.09627	0.0001	1	1	1	0	2	37	f	1	0	0	0	2	38	e	tag7
594.431605	0.0001	1	1	1	0	2	35	f	1	0	0	0	2	36	e	tag8
595.770179	0.0001	1	1	1	0	2	33	f	1	0	0	0	2	34	e	tag9
597.111938	0.0001	1	1	1	0	2	31	f	1	0	0	0	2	32	e	tag10
598.456833	0.0001	1	1	1	0	2	29	f	1	0	0	0	2	30	e	tag11
599.804814	0.0001	1	1	1	0	2	27	f	1	0	0	0	2	28	e	tag12
601.155832	0.0001	1	1	1	0	2	25	f	1	0	0	0	2	26	e	tag13
602.509841	0.0001	1	1	1	0	2	23	f	1	0	0	0	2	24	e	tag14
603.866795	0.0001	1	1	1	0	2	21	f	1	0	0	0	2	22	e	tag15
605.226652	0.0001	1	1	1	0	2	19	f	1	0	0	0	2	20	e	tag16
606.589368	0.0001	1	1	1	0	2	17	f	1	0	0	0	2	18	e	tag17
607.954904	0.0001	1	1	1	0	2	15	f	1	0	0	0	2	16	e	tag18
609.323221	0.0001	1	1	1	0	2	13	f	1	0	0	0	2	14	e	tag19
610.694282	0.0001	1	1	1	0	2	11	f	1	0	0	0	2	12	e	tag20
612.068052	0.0001	1	1	1	0	2	9	f	1	0	0	0	2	10	e	tag21
613.444497	0.0001	1	1	1	0	2	7	f	1	0	0	0	2	8	e	tag22
614.823587	0.0001	1	1	1	0	2	5	f	1	0	0	0	2	6	e	tag23
616.205292	0.0001	1	1	1	0	2	3	f	1	0	0	0	2	4	e	tag24
617.589583	0.0001	1	1	1	0	2	1	f	1	0	0	0	2	2	e	tag25
618.982815	0.0001	1	1	1	0	2	2	f	1	0	0	0	2	2	e	tag26
618.997699	0.0001	1	1	1	0	2	4	f	1	0	0	0	2	4	e	tag27
619.021089	0.0001	1	1	1	0	2	6	f	1	0	0	0	2	6	e	tag28
619.052983	0.0001	1	1	1	0	2	8	f	1	0	0	0	2	8	e	tag29
619.093383	0.0001	1	1	1	0	2	10	f	1	0	0	0	2	10	e	tag30
619.142287	0.0001	1	1	1	0	2	12	f	1	0	0	0	2	12	e	tag31
619.199695	0.0001	1	1	1	0	2	14	f	1	0	0	0	2	14	e	tag32
619.265607	0.0001	1	1	1	0	2	16	f	1	0	0	0	2	16	e	tag33
619.340022	0.0001	1	1	1	0	2	18	f	1	0	0	0	2	18	e	tag34
619.422939	0.0001	1	1	1	0	2	20	f	1	0	0	0	2	20	e	tag35
619.514357	0.0001	1	1	1	0	2	22	f	1	0	0	0	2	22	e	tag36
619.614275	0.0001	1	1	1	0	2	24	f	1	0	0	0	2	24	e	tag37
619.670815	0.0001	1	1	1	0	2	1	f	1	0	0	0	2	0	e	tag38
619.722691	0.0001	1	1	1	0	2	26	f	1	0	0	0	2	26	e	tag39
619.839603	0.0001	1	1	1	0	2	28	f	1	0	0	0	2	28	e	tag40
619.96501	0.0001	1	1	1	0	2	30	f	1	0	0	0	2	30	e	tag41
620.098907	0.0001	1	1	1	0	2	32	f	1	0	0	0	2	32	e	tag42
620.241293	0.0001	1	1	1	0	2	34	f	1	0	0	0	2	34	e	tag43
620.392163	0.0001	1	1	1	0	2	36	f	1	0	0	0	2	36	e	tag44
620.551513	0.0001	1	1	1	0	2	38	f	1	0	0	0	2	38	e	tag45
620.719338	0.0001	1	1	1	0	2	40	f	1	0	0	0	2	40	e	tag46
620.895633	0.0001	1	1	1	0	2	42	f	1	0	0	0	2	42	e	tag47
621.061465	0.0001	1	1	1	0	2	3	f	1	0	0	0	2	2	e	tag48
621.080392	0.0001	1	1	1	0	2	44	f	1	0	0	0	2	44	e	tag49
621.273606	0.0001	1	1	1	0	2	46	f	1	0	0	0	2	46	e	tag50
621.475268	0.0001	1	1	1	0	2	48	f	1	0	0	0	2	48	e	tag51
621.685369	0.0001	1	1	1	0	2	50	f	1	0	0	0	2	50	e	tag52
622.45462	0.0001	1	1	1	0	2	5	f	1	0	0	0	2	4	e	tag53
623.850262	0.0001	1	1	1	0	2	7	f	1	0	0	0	2	6	e	tag54
624.130653	0.0001	1	2	2	0	2	8	e	1	1	1	0	2	8	f	tag55
624.141231	0.0001	1	2	2	0	2	10	e	1	1	1	0	2	10	f	tag56
624.154067	0.0001	1	2	2	0	2	12	e	1	1	1	0	2	12	f	tag57
624.167951	0.0001	1	2	2	0	2	7	e	1	1	1	0	2	7	e	tag58
624.169177	0.0001	1	2	2	0	2	14	e	1	1	1	0	2	14	f	tag59
624.186581	0.0001	1	2	2	0	2	16	e	1	1	1	0	2	16	f	tag60
624.202718	0.0001	1	2	2	0	2	9	e	1	1	1	0	2	9	e	tag61
624.2063	0.0001	1	2	2	0	2	18	e	1	1	1	0	2	18	f	tag62
624.22836	0.0001	1	2	2	0	2	20	e	1	1	1	0	2	20	f	tag63
624.245656	0.0001	1	2	2	0	2	11	e	1	1	1	0	2	11	e	tag64
624.252786	0.0001	1	2	2	0	2	22	e	1	1	1	0	2	22	f	tag65
624.279608	0.0001	1	2	2	0	2	24	e	1	1	1	0	2	24	f	tag66
624.296761	0.0001	1	2	2	0	2	13	e	1	1	1	0	2	13	e	tag67
624.308853	0.0001	1	2	2	0	2	26	e	1	1	1	0	2	26	f	tag68
624.340554	0.0001	1	2	2	0	2	28	e	1	1	1	0	2	28	f	tag69
624.356024	0.0001	1	2	2	0	2	15	e	1	1	1	0	2	15	e	tag70
624.374743	0.0001	1	2	2	0	2	30	e	1	1	1	0	2	30	f	tag71
624.423439	0.0001	1	2	2	0	2	17	e	1	1	1	0	2	17	e	tag72
624.498996	0.0001	1	2	2	0	2	19	e	1	1	1	0	2	19	e	tag73
624.582685	0.0001	1	2	2	0	2	21	e	1	1	1	0	2	21	e	tag74
624.674495	0.0001	1	2	2	0	2	23	e	1	1	1	0	2	23	e	tag75
624.774415	0.0001	1	2	2	0	2	25	e	1	1	1	0	2	25	e	tag76
624.882429	0.0001	1	2	2	0	2	27	e	1	1	1	0	2	27	e	tag77
624.998525	0.0001	1	2	2	0	2	29	e	1	1	1	0	2	29	e	tag78
625.203585	0.0001	1	1	1	0	1	47	f	1	0	0	0	1	48	e	tag79
625.248371	0.0001	1	1	1	0	2	9	f	1	0	0	0	2	8	e	tag80
626.568753	0.0001	1	1	1	0	1	45	f	1	0	0	0	1	46	e	tag81
626.648935	0.0001	1	1	1	0	2	11	f	1	0	0	0	2	10	e	tag82
627.93452	0.0001	1	1	1	0	1	43	f	1	0	0	0	1	44	e	tag83
628.051938	0.0001	1	1	1	0	2	13	f	1	0	0	0	2	12	e	tag84
629.300947	0.0001	1	1	1	0	1	41	f	1	0	0	0	1	42	e	tag85
629.457369	0.0001	1	1	1	0	2	15	f	1	0	0	0	2	14	e	tag86
630.66809	0.0001	1	1	1	0	1	39	f	1	0	0	0	1	40	e	tag87
630.865219	0.0001	1	1	1	0	2	17	f	1	0	0	0	2	16	e	tag88
631.801208	0.0001	1	2	2	0	2	11	e	1	1	1	0	2	10	f	tag89
632.036002	0.0001	1	1	1	0	1	37	f	1	0	0	0	1	38	e	tag90
632.275479	0.0001	1	1	1	0	2	19	f	1	0	0	0	2	18	e	tag91
632.602072	0.0001	1	2	2	0	2	12	e	1	1	1	0	2	11	e	tag92
633.206411	0.0001	1	2	2	0	2	13	e	1	1	1	0	2	12	f	tag93
633.404733	0.0001	1	1	1	0	1	35	f	1	0	0	0	1	36	e	tag94
633.688144	0.0001	1	1	1	0	2	21	f	1	0	0	0	2	20	e	tag95
634.045651	0.0001	1	2	2	0	2	14	e	1	1	1	0	2	13	e	tag96
634.613698	0.0001	1	2	2	0	2	15	e	1	1	1	0	2	14	f	tag97
634.774328	0.0001	1	1	1	0	1	33	f	1	0	0	0	1	34	e	tag98
635.103209	0.0001	1	1	1	0	2	23	f	1	0	0	0	2	22	e	tag99
635.497284	0.0001	1	2	2	0	2	16	e	1	1	1	0	2	15	e	tag100
636.023051	0.0001	1	2	2	0	2	17	e	1	1	1	0	2	16	f	tag101
636.144829	0.0001	1	1	1	0	1	31	f	1	0	0	0	1	32	e	tag102
636.520671	0.0001	1	1	1	0	2	25	f	1	0	0	0	2	24	e	tag103
636.956954	0.0001	1	2	2	0	2	18	e	1	1	1	0	2	17	e	tag104
637.434453	0.0001	1	2	2	0	2	19	e	1	1	1	0	2	18	f	tag105
637.516275	0.0001	1	1	1	0	1	29	f	1	0	0	0	1	30	e	tag106
637.94053	0.0001	1	1	1	0	2	27	f	1	0	0	0	2	26	e	tag107
638.424647	0.0001	1	2	2	0	2	20	e	1	1	1	0	2	19	e	tag108
638.84789	0.0001	1	2	2	0	2	21	e	1	1	1	0	2	20	f	tag109
638.888699	0.0001	1	1	1	0	1	27	f	1	0	0	0	1	28	e	tag110
639.362785	0.0001	1	1	1	0	2	29	f	1	0	0	0	2	28	e	tag111
639.900348	0.0001	1	2	2	0	2	22	e	1	1	1	0	2	21	e	tag112
640.262134	0.0001	1	1	1	0	1	25	f	1	0	0	0	1	26	e	tag113
640.787439	0.0001	1	1	1	0	2	31	f	1	0	0	0	2	30	e	tag114
641.636606	0.0001	1	1	1	0	1	23	f	1	0	0	0	1	24	e	tag115
642.214496	0.0001	1	1	1	0	2	33	f	1	0	0	0	2	32	e	tag116
643.01214	0.0001	1	1	1	0	1	21	f	1	0	0	0	1	22	e	tag117
643.643961	0.0001	1	1	1	0	2	35	f	1	0	0	0	2	34	e	tag118
644.388756	0.0001	1	1	1	0	1	19	f	1	0	0	0	1	20	e	tag119
645.07584	0.0001	1	1	1	0	2	37	f	1	0	0	0	2	36	e	tag120
645.766471	0.0001	1	1	1	0	1	17	f	1	0	0	0	1	18	e	tag121
646.51014	0.0001	1	1	1	0	2	39	f	1	0	0	0	2	38	e	tag122
647.145299	0.0001	1	1	1	0	1	15	f	1	0	0	0	1	16	e	tag123
647.946872	0.0001	1	1	1	0	2	41	f	1	0	0	0	2	40	e	tag124
648.525251	0.0001	1	1	1	0	1	13	f	1	0	0	0	1	14	e	tag125
649.386045	0.0001	1	1	1	0	2	43	f	1	0	0	0	2	42	e	tag126
649.906332	0.0001	1	1	1	0	1	11	f	1	0	0	0	1	12	e	tag127
650.82767	0.0001	1	1	1	0	2	45	f	1	0	0	0	2	44	e	tag128
651.288547	0.0001	1	1	1	0	1	9	f	1	0	0	0	1	10	e	tag129
652.27176	0.0001	1	1	1	0	2	47	f	1	0	0	0	2	46	e	tag130
652.671895	0.0001	1	1	1	0	1	7	f	1	0	0	0	1	8	e	tag131
653.718328	0.0001	1	1	1	0	2	49	f	1	0	0	0	2	48	e	tag132
654.056373	0.0001	1	1	1	0	1	5	f	1	0	0	0	1	6	e	tag133
655.441975	0.0001	1	1	1	0	1	3	f	1	0	0	0	1	4	e	tag134
656.828691	0.0001	1	1	1	0	1	1	f	1	0	0	0	1	2	e	tag135
658.222078	0.0001	1	1	1	0	1	2	f	1	0	0	0	1	2	e	tag136
658.235074	0.0001	1	1	1	0	1	4	f	1	0	0	0	1	4	e	tag137
658.255492	0.0001	1	1	1	0	1	6	f	1	0	0	0	1	6	e	tag138
658.283328	0.0001	1	1	1	0	1	8	f	1	0	0	0	1	8	e	tag139
658.318573	0.0001	1	1	1	0	1	10	f	1	0	0	0	1	10	e	tag140
658.361218	0.0001	1	1	1	0	1	12	f	1	0	0	0	1	12	e	tag141
658.411251	0.0001	1	1	1	0	1	14	f	1	0	0	0	1	14	e	tag142
658.468659	0.0001	1	1	1	0	1	16	f	1	0	0	0	1	16	e	tag143
658.533427	0.0001	1	1	1	0	1	18	f	1	0	0	0	1	18	e	tag144
658.605536	0.0001	1	1	1	0	1	20	f	1	0	0	0	1	20	e	tag145
658.684968	0.0001	1	1	1	0	1	22	f	1	0	0	0	1	22	e	tag146
658.771699	0.0001	1	1	1	0	1	24	f	1	0	0	0	1	24	e	tag147
658.865705	0.0001	1	1	1	0	1	26	f	1	0	0	0	1	26	e	tag148
658.910823	0.0001	1	1	1	0	1	1	f	1	0	0	0	1	0	e	tag149
658.966961	0.0001	1	1	1	0	1	28	f	1	0	0	0	1	28	e	tag150
659.075437	0.0001	1	1	1	0	1	30	f	1	0	0	0	1	30	e	tag151
659.191102	0.0001	1	1	1	0	1	32	f	1	0	0	0	1	32	e	tag152
659.313923	0.0001	1	1	1	0	1	34	f	1	0	0	0	1	34	e	tag153
659.443864	0.0001	1	1	1	0	1	36	f	1	0	0	0	1	36	e	tag154
659.580886	0.0001	1	1	1	0	1	38	f	1	0	0	0	1	38	e	tag155
659.724947	0.0001	1	1	1	0	1	40	f	1	0	0	0	1	40	e	tag156
659.876004	0.0001	1	1	1	0	1	42	f	1	0	0	0	1	42	e	tag157
660.034011	0.0001	1	1	1	0	1	44	f	1	0	0	0	1	44	e	tag158
660.198917	0.0001	1	1	1	0	1	46	f	1	0	0	0	1	46	e	tag159
660.300258	0.0001	1	1	1	0	1	3	f	1	0	0	0	1	2	e	tag160
660.37067	0.0001	1	1	1	0	1	48	f	1	0	0	0	1	48	e	tag161
660.549214	0.0001	1	1	1	0	1	50	f	1	0	0	0	1	50	e	tag162
661.690745	0.0001	1	1	1	0	1	5	f	1	0	0	0	1	4	e	tag163
663.082261	0.0001	1	1	1	0	1	7	f	1	0	0	0	1	6	e	tag164
664.474776	0.0001	1	1	1	0	1	9	f	1	0	0	0	1	8	e	tag165
665.868259	0.0001	1	1	1	0	1	11	f	1	0	0	0	1	10	e	tag166
667.262676	0.0001	1	1	1	0	1	13	f	1	0	0	0	1	12	e	tag167
668.657988	0.0001	1	1	1	0	1	15	f	1	0	0	0	1	14	e	tag168
670.054153	0.0001	1	1	1	0	1	17	f	1	0	0	0	1	16	e	tag169
671.451128	0.0001	1	1	1	0	1	19	f	1	0	0	0	1	18	e	tag170
672.848863	0.0001	1	1	1	0	1	21	f	1	0	0	0	1	20	e	tag171
674.247307	0.0001	1	1	1	0	1	23	f	1	0	0	0	1	22	e	tag172
675.646405	0.0001	1	1	1	0	1	25	f	1	0	0	0	1	24	e	tag173
677.046098	0.0001	1	1	1	0	1	27	f	1	0	0	0	1	26	e	tag174
678.446325	0.0001	1	1	1	0	1	29	f	1	0	0	0	1	28	e	tag175
679.84702	0.0001	1	1	1	0	1	31	f	1	0	0	0	1	30	e	tag176
681.248114	0.0001	1	1	1	0	1	33	f	1	0	0	0	1	32	e	tag177
682.649535	0.0001	1	1	1	0	1	35	f	1	0	0	0	1	34	e	tag178
684.051206	0.0001	1	1	1	0	1	37	f	1	0	0	0	1	36	e	tag179
685.453049	0.0001	1	1	1	0	1	39	f	1	0	0	0	1	38	e	tag180
686.854979	0.0001	1	1	1	0	1	41	f	1	0	0	0	1	40	e	tag181
688.256911	0.0001	1	1	1	0	1	43	f	1	0	0	0	1	42	e	tag182
689.658753	0.0001	1	1	1	0	1	45	f	1	0	0	0	1	44	e	tag183
691.060412	0.0001	1	1	1	0	1	47	f	1	0	0	0	1	46	e	tag184
692.461789	0.0001	1	1	1	0	1	49	f	1	0	0	0	1	48	e	tag185
756.756546	0.0001	1	1	1	0	1	14	f	1	0	0	0	2	14	e	tag186
756.824178	0.0001	1	1	1	0	1	16	f	1	0	0	0	2	16	e	tag187
756.900777	0.0001	1	1	1	0	1	18	f	1	0	0	0	2	18	e	tag188
2171.26845	0.0001	1	0	0	1	1	63	f	1	0	0	0	1	64	e	tag189
2171.437674	0.0001	1	0	0	1	2	65	f	1	0	0	0	2	66	e	tag190
2173.313089	0.0001	1	0	0	1	1	61	f	1	0	0	0	1	62	e	tag191
2173.471707	0.0001	1	0	0	1	2	63	f	1	0	0	0	2	64	e	tag192
2175.337051	0.0001	1	0	0	1	1	59	f	1	0	0	0	1	60	e	tag193
2175.485956	0.0001	1	0	0	1	2	61	f	1	0	0	0	2	62	e	tag194
2175.715093	0.0001	1	1	1	1	2	49	e	1	1	1	0	2	50	f	tag195
2176.756292	0.0001	1	1	1	1	2	48	e	1	1	1	0	2	49	e	tag196
2177.340313	0.0001	1	0	0	1	1	57	f	1	0	0	0	1	58	e	tag197
2177.480408	0.0001	1	0	0	1	2	59	f	1	0	0	0	2	60	e	tag198
2177.595054	0.0001	1	1	1	1	2	47	e	1	1	1	0	2	48	f	tag199
2178.367631	0.0001	1	1	1	1	1	44	e	1	1	1	0	1	45	e	tag200
2178.62115	0.0001	1	1	1	1	2	46	e	1	1	1	0	2	47	e	tag201
2179.136298	0.0001	1	1	1	1	1	43	e	1	1	1	0	1	44	f	tag202
2179.32285	0.0001	1	0	0	1	1	55	f	1	0	0	0	1	56	e	tag203
2179.455049	0.0001	1	0	0	1	2	57	f	1	0	0	0	2	58	e	tag204
2179.455133	0.0001	1	1	1	1	2	45	e	1	1	1	0	2	46	f	tag205
2180.203902	0.0001	1	1	1	1	1	42	e	1	1	1	0	1	43	e	tag206
2180.466234	0.0001	1	1	1	1	2	44	e	1	1	1	0	2	45	e	tag207
2180.973119	0.0001	1	1	1	1	1	41	e	1	1	1	0	1	42	f	tag208
2181.284639	0.0001	1	0	0	1	1	53	f	1	0	0	0	1	54	e	tag209
2181.29531	0.0001	1	1	1	1	2	43	e	1	1	1	0	2	44	f	tag210
2181.409866	0.0001	1	0	0	1	2	55	f	1	0	0	0	2	56	e	tag211
2182.019847	0.0001	1	1	1	1	1	40	e	1	1	1	0	1	41	e	tag212
2182.291518	0.0001	1	1	1	1	2	42	e	1	1	1	0	2	43	e	tag213
2182.78922	0.0001	1	1	1	1	1	39	e	1	1	1	0	1	40	f	tag214
2183.115563	0.0001	1	1	1	1	2	41	e	1	1	1	0	2	42	f	tag215
2183.225658	0.0001	1	0	0	1	1	51	f	1	0	0	0	1	52	e	tag216
2183.344843	0.0001	1	0	0	1	2	53	f	1	0	0	0	2	54	e	tag217
2183.815439	0.0001	1	1	1	1	1	38	e	1	1	1	0	1	39	e	tag218
2184.096976	0.0001	1	1	1	1	2	40	e	1	1	1	0	2	41	e	tag219
2184.584578	0.0001	1	1	1	1	1	37	e	1	1	1	0	1	38	f	tag220
2184.915872	0.0001	1	1	1	1	2	39	e	1	1	1	0	2	40	f	tag221
2185.145882	0.0001	1	0	0	1	1	49	f	1	0	0	0	1	50	e	tag222
2185.259965	0.0001	1	0	0	1	2	51	f	1	0	0	0	2	52	e	tag223
2185.590652	0.0001	1	1	1	1	1	36	e	1	1	1	0	1	37	e	tag224
2185.882584	0.0001	1	1	1	1	2	38	e	1	1	1	0	2	39	e	tag225
2186.35917	0.0001	1	1	1	1	1	35	e	1	1	1	0	1	36	f	tag226
2186.696217	0.0001	1	1	1	1	2	37	e	1	1	1	0	2	38	f	tag227
2187.045289	0.0001	1	0	0	1	1	47	f	1	0	0	0	1	48	e	tag228
2187.155218	0.0001	1	0	0	1	2	49	f	1	0	0	0	2	50	e	tag229
2187.345458	0.0001	1	1	1	1	1	34	e	1	1	1	0	1	35	e	tag230
2187.648317	0.0001	1	1	1	1	2	36	e	1	1	1	0	2	37	e	tag231
2188.112973	0.0001	1	1	1	1	1	33	e	1	1	1	0	1	34	f	tag232
2188.456574	0.0001	1	1	1	1	2	35	e	1	1	1	0	2	36	f	tag233
2188.923857	0.0001	1	0	0	1	1	45	f	1	0	0	0	1	46	e	tag234
2189.030585	0.0001	1	0	0	1	2	47	f	1	0	0	0	2	48	e	tag235
2189.079832	0.0001	1	1	1	1	1	32	e	1	1	1	0	1	33	e	tag236
2189.394151	0.0001	1	1	1	1	2	34	e	1	1	1	0	2	35	e	tag237
2189.845963	0.0001	1	1	1	1	1	31	e	1	1	1	0	1	32	f	tag238
2190.196925	0.0001	1	1	1	1	2	33	e	1	1	1	0	2	34	f	tag239
2190.781562	0.0001	1	0	0	1	1	43	f	1	0	0	0	1	44	e	tag240
2190.793748	0.0001	1	1	1	1	1	30	e	1	1	1	0	1	31	e	tag241
2190.886052	0.0001	1	0	0	1	2	45	f	1	0	0	0	2	46	e	tag242
2191.120062	0.0001	1	1	1	1	2	32	e	1	1	1	0	2	33	e	tag243
2191.558118	0.0001	1	1	1	1	1	29	e	1	1	1	0	1	30	f	tag244
2191.917246	0.0001	1	1	1	1	2	31	e	1	1	1	0	2	32	f	tag245
2192.48718	0.0001	1	1	1	1	1	28	e	1	1	1	0	1	29	e	tag246
2192.618382	0.0001	1	0	0	1	1	41	f	1	0	0	0	1	42	e	tag247
2192.721602	0.0001	1	0	0	1	2	43	f	1	0	0	0	2	44	e	tag248
2192.826025	0.0001	1	1	1	1	2	30	e	1	1	1	0	2	31	e	tag249
2193.249415	0.0001	1	1	1	1	1	27	e	1	1	1	0	1	28	f	tag250
2193.617517	0.0001	1	1	1	1	2	29	e	1	1	1	0	2	30	f	tag251
2194.160105	0.0001	1	1	1	1	1	26	e	1	1	1	0	1	27	e	tag252
2194.434296	0.0001	1	0	0	1	1	39	f	1	0	0	0	1	40	e	tag253
2194.512019	0.0001	1	1	1	1	2	28	e	1	1	1	0	2	29	e	tag254
2194.537217	0.0001	1	0	0	1	2	41	f	1	0	0	0	2	42	e	tag255
2194.919832	0.0001	1	1	1	1	1	25	e	1	1	1	0	1	26	f	tag256
2195.297715	0.0001	1	1	1	1	2	27	e	1	1	1	0	2	28	f	tag257
2195.812498	0.0001	1	1	1	1	1	24	e	1	1	1	0	1	25	e	tag258
2196.178019	0.0001	1	1	1	1	2	26	e	1	1	1	0	2	27	e	tag259
2196.22928	0.0001	1	0	0	1	1	37	f	1	0	0	0	1	38	e	tag260
2196.332882	0.0001	1	0	0	1	2	39	f	1	0	0	0	2	40	e	tag261
2196.569348	0.0001	1	1	1	1	1	23	e	1	1	1	0	1	24	f	tag262
2196.95782	0.0001	1	1	1	1	2	25	e	1	1	1	0	2	26	f	tag263
2197.444334	0.0001	1	1	1	1	1	22	e	1	1	1	0	1	23	e	tag264
2197.824001	0.0001	1	1	1	1	2	24	e	1	1	1	0	2	25	e	tag265
2198.003313	0.0001	1	0	0	1	1	35	f	1	0	0	0	1	36	e	tag266
2198.108578	0.0001	1	0	0	1	2	37	f	1	0	0	0	2	38	e	tag267
2198.197941	0.0001	1	1	1	1	1	21	e	1	1	1	0	1	22	f	tag268
2198.597808	0.0001	1	1	1	1	2	23	e	1	1	1	0	2	24	f	tag269
2199.05559	0.0001	1	1	1	1	1	20	e	1	1	1	0	1	21	e	tag270
2199.449944	0.0001	1	1	1	1	2	22	e	1	1	1	0	2	23	e	tag271
2199.756373	0.0001	1	0	0	1	1	33	f	1	0	0	0	1	34	e	tag272
2199.805589	0.0001	1	1	1	1	1	19	e	1	1	1	0	1	20	f	tag273
2199.864289	0.0001	1	0	0	1	2	35	f	1	0	0	0	2	36	e	tag274
2200.217659	0.0001	1	1	1	1	2	21	e	1	1	1	0	2	22	f	tag275
2200.646243	0.0001	1	1	1	1	1	18	e	1	1	1	0	1	19	e	tag276
2201.055823	0.0001	1	1	1	1	2	20	e	1	1	1	0	2	21	e	tag277
2201.392272	0.0001	1	1	1	1	1	17	e	1	1	1	0	1	18	f	tag278
2201.488439	0.0001	1	0	0	1	1	31	f	1	0	0	0	1	32	e	tag279
2201.599996	0.0001	1	0	0	1	2	33	f	1	0	0	0	2	34	e	tag280
2201.817349	0.0001	1	1	1	1	2	19	e	1	1	1	0	2	20	f	tag281
2202.216269	0.0001	1	1	1	1	1	16	e	1	1	1	0	1	17	e	tag282
2202.641615	0.0001	1	1	1	1	2	18	e	1	1	1	0	2	19	e	tag283
2202.957969	0.0001	1	1	1	1	1	15	e	1	1	1	0	1	16	f	tag284
2203.19949	0.0001	1	0	0	1	1	29	f	1	0	0	0	1	30	e	tag285
2203.315681	0.0001	1	0	0	1	2	31	f	1	0	0	0	2	32	e	tag286
2203.396857	0.0001	1	1	1	1	2	17	e	1	1	1	0	2	18	f	tag287
2203.765647	0.0001	1	1	1	1	1	14	e	1	1	1	0	1	15	e	tag288
2204.207298	0.0001	1	1	1	1	2	16	e	1	1	1	0	2	17	e	tag289
2204.502659	0.0001	1	1	1	1	1	13	e	1	1	1	0	1	14	f	tag290
2204.889504	0.0001	1	0	0	1	1	27	f	1	0	0	0	1	28	e	tag291
2204.95616	0.0001	1	1	1	1	2	15	e	1	1	1	0	2	16	f	tag292
2205.011325	0.0001	1	0	0	1	2	29	f	1	0	0	0	2	30	e	tag293
2205.294354	0.0001	1	1	1	1	1	12	e	1	1	1	0	1	13	e	tag294
2205.75285	0.0001	1	1	1	1	2	14	e	1	1	1	0	2	15	e	tag295
2206.026323	0.0001	1	1	1	1	1	11	e	1	1	1	0	1	12	f	tag296
2206.495236	0.0001	1	1	1	1	2	13	e	1	1	1	0	2	14	f	tag297
2206.55846	0.0001	1	0	0	1	1	25	f	1	0	0	0	1	26	e	tag298
2206.686909	0.0001	1	0	0	1	2	27	f	1	0	0	0	2	28	e	tag299
2206.802368	0.0001	1	1	1	1	1	10	e	1	1	1	0	1	11	e	tag300
2207.278246	0.0001	1	1	1	1	2	12	e	1	1	1	0	2	13	e	tag301
2207.528939	0.0001	1	1	1	1	1	9	e	1	1	1	0	1	10	f	tag302
2208.014061	0.0001	1	1	1	1	2	11	e	1	1	1	0	2	12	f	tag303
2208.206339	0.0001	1	0	0	1	1	23	f	1	0	0	0	1	24	e	tag304
2208.289669	0.0001	1	1	1	1	1	8	e	1	1	1	0	1	9	e	tag305
2208.342414	0.0001	1	0	0	1	2	25	f	1	0	0	0	2	26	e	tag306
2208.783464	0.0001	1	1	1	1	2	10	e	1	1	1	0	2	11	e	tag307
2209.010489	0.0001	1	1	1	1	1	7	e	1	1	1	0	1	8	f	tag308
2209.512614	0.0001	1	1	1	1	2	9	e	1	1	1	0	2	10	f	tag309
2209.756235	0.0001	1	1	1	1	1	6	e	1	1	1	0	1	7	e	tag310
2209.833119	0.0001	1	0	0	1	1	21	f	1	0	0	0	1	22	e	tag311
2209.977821	0.0001	1	0	0	1	2	23	f	1	0	0	0	2	24	e	tag312
2210.268483	0.0001	1	1	1	1	2	8	e	1	1	1	0	2	9	e	tag313
2210.470953	0.0001	1	1	1	1	1	5	e	1	1	1	0	1	6	f	tag314
2210.990871	0.0001	1	1	1	1	2	7	e	1	1	1	0	2	8	f	tag315
2211.202045	0.0001	1	1	1	1	1	4	e	1	1	1	0	1	5	e	tag316
2211.438781	0.0001	1	0	0	1	1	19	f	1	0	0	0	1	20	e	tag317
2211.593109	0.0001	1	0	0	1	2	21	f	1	0	0	0	2	22	e	tag318
2211.733278	0.0001	1	1	1	1	2	6	e	1	1	1	0	2	7	e	tag319
2211.910311	0.0001	1	1	1	1	1	3	e	1	1	1	0	1	4	f	tag320
2212.448809	0.0001	1	1	1	1	2	5	e	1	1	1	0	2	6	f	tag321
2212.627081	0.0001	1	1	1	1	1	2	e	1	1	1	0	1	3	e	tag322
2213.023304	0.0001	1	0	0	1	1	17	f	1	0	0	0	1	18	e	tag323
2213.177827	0.0001	1	1	1	1	2	4	e	1	1	1	0	2	5	e	tag324
2213.188258	0.0001	1	0	0	1	2	19	f	1	0	0	0	2	20	e	tag325
2213.328545	0.0001	1	1	1	1	1	1	e	1	1	1	0	1	2	f	tag326
2213.886405	0.0001	1	1	1	1	2	3	e	1	1	1	0	2	4	f	tag327
2214.586668	0.0001	1	0	0	1	1	15	f	1	0	0	0	1	16	e	tag328
2214.602109	0.0001	1	1	1	1	2	2	e	1	1	1	0	2	3	e	tag329
2214.721932	0.0001	1	1	1	1	1	1	e	1	1	1	0	1	1	e	tag330
2214.763248	0.0001	1	0	0	1	2	17	f	1	0	0	0	2	18	e	tag331
2215.303636	0.0001	1	1	1	1	2	1	e	1	1	1	0	2	2	f	tag332
2216.098647	0.0001	1	1	1	1	1	2	e	1	1	1	0	1	1	e	tag333
2216.128855	0.0001	1	0	0	1	1	13	f	1	0	0	0	1	14	e	tag334
2216.318058	0.0001	1	0	0	1	2	15	f	1	0	0	0	2	16	e	tag335
2216.680759	0.0001	1	1	1	1	2	2	e	1	1	1	0	2	2	f	tag336
2216.696867	0.0001	1	1	1	1	2	1	e	1	1	1	0	2	1	e	tag337
2216.781589	0.0001	1	1	1	1	1	3	e	1	1	1	0	1	2	f	tag338
2217.450815	0.0001	1	1	1	1	1	4	e	1	1	1	0	1	3	e	tag339
2217.649846	0.0001	1	0	0	1	1	11	f	1	0	0	0	1	12	e	tag340
2217.852666	0.0001	1	0	0	1	2	13	f	1	0	0	0	2	14	e	tag341
2218.073991	0.0001	1	1	1	1	2	2	e	1	1	1	0	2	1	e	tag342
2218.125743	0.0001	1	1	1	1	1	5	e	1	1	1	0	1	4	f	tag343
2218.757463	0.0001	1	1	1	1	2	3	e	1	1	1	0	2	2	f	tag344
2218.782122	0.0001	1	1	1	1	1	6	e	1	1	1	0	1	5	e	tag345
2219.14962	0.0001	1	0	0	1	1	9	f	1	0	0	0	1	10	e	tag346
2219.367051	0.0001	1	0	0	1	2	11	f	1	0	0	0	2	12	e	tag347
2219.427156	0.0001	1	1	1	1	2	4	e	1	1	1	0	2	3	e	tag348
2219.44869	0.0001	1	1	1	1	1	7	e	1	1	1	0	1	6	f	tag349
2220.09255	0.0001	1	1	1	1	1	8	e	1	1	1	0	1	7	e	tag350
2220.103232	0.0001	1	1	1	1	2	5	e	1	1	1	0	2	4	f	tag351
2220.628159	0.0001	1	0	0	1	1	7	f	1	0	0	0	1	8	e	tag352
2220.750413	0.0001	1	1	1	1	1	9	e	1	1	1	0	1	8	f	tag353
2220.759952	0.0001	1	1	1	1	2	6	e	1	1	1	0	2	5	e	tag354
2220.861192	0.0001	1	0	0	1	2	9	f	1	0	0	0	2	10	e	tag355
2221.382081	0.0001	1	1	1	1	1	10	e	1	1	1	0	1	9	e	tag356
2221.42853	0.0001	1	1	1	1	2	7	e	1	1	1	0	2	6	f	tag357
2222.030894	0.0001	1	1	1	1	1	11	e	1	1	1	0	1	10	f	tag358
2222.072357	0.0001	1	1	1	1	2	8	e	1	1	1	0	2	7	e	tag359
2222.085445	0.0001	1	0	0	1	1	5	f	1	0	0	0	1	6	e	tag360
2222.335066	0.0001	1	0	0	1	2	7	f	1	0	0	0	2	8	e	tag361
2222.650698	0.0001	1	1	1	1	1	12	e	1	1	1	0	1	11	e	tag362
2222.733333	0.0001	1	1	1	1	2	9	e	1	1	1	0	2	8	f	tag363
2223.290118	0.0001	1	1	1	1	1	13	e	1	1	1	0	1	12	f	tag364
2223.364347	0.0001	1	1	1	1	2	10	e	1	1	1	0	2	9	e	tag365
2223.52146	0.0001	1	0	0	1	1	3	f	1	0	0	0	1	4	e	tag366
2223.788651	0.0001	1	0	0	1	2	5	f	1	0	0	0	2	6	e	tag367
2223.898384	0.0001	1	1	1	1	1	14	e	1	1	1	0	1	13	e	tag368
2224.017618	0.0001	1	1	1	1	2	11	e	1	1	1	0	2	10	f	tag369
2224.528066	0.0001	1	1	1	1	1	15	e	1	1	1	0	1	14	f	tag370
2224.635901	0.0001	1	1	1	1	2	12	e	1	1	1	0	2	11	e	tag371
2224.936186	0.0001	1	0	0	1	1	1	f	1	0	0	0	1	2	e	tag372
2225.125123	0.0001	1	1	1	1	1	16	e	1	1	1	0	1	15	e	tag373
2225.221925	0.0001	1	0	0	1	2	3	f	1	0	0	0	2	4	e	tag374
2225.281361	0.0001	1	1	1	1	2	13	e	1	1	1	0	2	12	f	tag375
2225.744722	0.0001	1	1	1	1	1	17	e	1	1	1	0	1	16	f	tag376
2225.886997	0.0001	1	1	1	1	2	14	e	1	1	1	0	2	13	e	tag377
2226.330899	0.0001	1	1	1	1	1	18	e	1	1	1	0	1	17	e	tag378
2226.524537	0.0001	1	1	1	1	2	15	e	1	1	1	0	2	14	f	tag379
2226.634864	0.0001	1	0	0	1	2	1	f	1	0	0	0	2	2	e	tag380
2226.940071	0.0001	1	1	1	1	1	19	e	1	1	1	0	1	18	f	tag381
2227.018318	0.0001	1	0	0	1	1	1	f	1	0	0	0	1	0	e	tag382
2227.117613	0.0001	1	1	1	1	2	16	e	1	1	1	0	2	15	e	tag383
2227.515697	0.0001	1	1	1	1	1	20	e	1	1	1	0	1	19	e	tag384
2227.747123	0.0001	1	1	1	1	2	17	e	1	1	1	0	2	16	f	tag385
2228.114095	0.0001	1	1	1	1	1	21	e	1	1	1	0	1	20	f	tag386
2228.327726	0.0001	1	1	1	1	2	18	e	1	1	1	0	2	17	e	tag387
2228.379743	0.0001	1	0	0	1	1	3	f	1	0	0	0	1	2	e	tag388
2228.679501	0.0001	1	1	1	1	1	22	e	1	1	1	0	1	21	e	tag389
2228.716096	0.0001	1	0	0	1	2	1	f	1	0	0	0	2	0	e	tag390
2228.949094	0.0001	1	1	1	1	2	19	e	1	1	1	0	2	18	f	tag391
2229.26678	0.0001	1	1	1	1	1	23	e	1	1	1	0	1	22	f	tag392
2229.517315	0.0001	1	1	1	1	2	20	e	1	1	1	0	2	19	e	tag393
2229.719817	0.0001	1	0	0	1	1	5	f	1	0	0	0	1	4	e	tag394
2229.822297	0.0001	1	1	1	1	1	24	e	1	1	1	0	1	23	e	tag395
2230.078099	0.0001	1	0	0	1	2	3	f	1	0	0	0	2	2	e	tag396
2230.130426	0.0001	1	1	1	1	2	21	e	1	1	1	0	2	20	f	tag397
2230.39811	0.0001	1	1	1	1	1	25	e	1	1	1	0	1	24	f	tag398
2230.686357	0.0001	1	1	1	1	2	22	e	1	1	1	0	2	21	e	tag399
2230.94407	0.0001	1	1	1	1	1	26	e	1	1	1	0	1	25	e	tag400
2231.038525	0.0001	1	0	0	1	1	7	f	1	0	0	0	1	6	e	tag401
2231.291094	0.0001	1	1	1	1	2	23	e	1	1	1	0	2	22	f	tag402
2231.419684	0.0001	1	0	0	1	2	5	f	1	0	0	0	2	4	e	tag403
2231.508069	0.0001	1	1	1	1	1	27	e	1	1	1	0	1	26	f	tag404
2231.834832	0.0001	1	1	1	1	2	24	e	1	1	1	0	2	23	e	tag405
2232.044806	0.0001	1	1	1	1	1	28	e	1	1	1	0	1	27	e	tag406
2232.335849	0.0001	1	0	0	1	1	9	f	1	0	0	0	1	8	e	tag407
2232.431075	0.0001	1	1	1	1	2	25	e	1	1	1	0	2	24	f	tag408
2232.596644	0.0001	1	1	1	1	1	29	e	1	1	1	0	1	28	f	tag409
2232.74083	0.0001	1	0	0	1	2	7	f	1	0	0	0	2	6	e	tag410
2232.962716	0.0001	1	1	1	1	2	26	e	1	1	1	0	2	25	e	tag411
2233.124493	0.0001	1	1	1	1	1	30	e	1	1	1	0	1	29	e	tag412
2233.550343	0.0001	1	1	1	1	2	27	e	1	1	1	0	2	26	f	tag413
2233.611773	0.0001	1	0	0	1	1	11	f	1	0	0	0	1	10	e	tag414
2233.663819	0.0001	1	1	1	1	1	31	e	1	1	1	0	1	30	f	tag415
2234.041511	0.0001	1	0	0	1	2	9	f	1	0	0	0	2	8	e	tag416
2234.06999	0.0001	1	1	1	1	2	28	e	1	1	1	0	2	27	e	tag417
2234.183116	0.0001	1	1	1	1	1	32	e	1	1	1	0	1	31	e	tag418
2234.648875	0.0001	1	1	1	1	2	29	e	1	1	1	0	2	28	f	tag419
2234.70958	0.0001	1	1	1	1	1	33	e	1	1	1	0	1	32	f	tag420
2234.866281	0.0001	1	0	0	1	1	13	f	1	0	0	0	1	12	e	tag421
2235.156632	0.0001	1	1	1	1	2	30	e	1	1	1	0	2	29	e	tag422
2235.220665	0.0001	1	1	1	1	1	34	e	1	1	1	0	1	33	e	tag423
2235.321704	0.0001	1	0	0	1	2	11	f	1	0	0	0	2	10	e	tag424
2235.726645	0.0001	1	1	1	1	2	31	e	1	1	1	0	2	30	f	tag425
2235.733913	0.0001	1	1	1	1	1	35	e	1	1	1	0	1	34	f	tag426
2236.099357	0.0001	1	0	0	1	1	15	f	1	0	0	0	1	14	e	tag427
2236.22262	0.0001	1	1	1	1	2	32	e	1	1	1	0	2	31	e	tag428
2236.237125	0.0001	1	1	1	1	1	36	e	1	1	1	0	1	35	e	tag429
2236.581382	0.0001	1	0	0	1	2	13	f	1	0	0	0	2	12	e	tag430
2236.736804	0.0001	1	1	1	1	1	37	e	1	1	1	0	1	36	f	tag431
2236.783628	0.0001	1	1	1	1	2	33	e	1	1	1	0	2	32	f	tag432
2237.232486	0.0001	1	1	1	1	1	38	e	1	1	1	0	1	37	e	tag433
2237.267933	0.0001	1	1	1	1	2	34	e	1	1	1	0	2	33	e	tag434
2237.310986	0.0001	1	0	0	1	1	17	f	1	0	0	0	1	16	e	tag435
2237.71824	0.0001	1	1	1	1	1	39	e	1	1	1	0	1	38	f	tag436
2237.8198	0.0001	1	1	1	1	2	35	e	1	1	1	0	2	34	f	tag437
2237.820522	0.0001	1	0	0	1	2	15	f	1	0	0	0	2	14	e	tag438
2238.206737	0.0001	1	1	1	1	1	40	e	1	1	1	0	1	39	e	tag439
2238.292552	0.0001	1	1	1	1	2	36	e	1	1	1	0	2	35	e	tag440
2238.501153	0.0001	1	0	0	1	1	19	f	1	0	0	0	1	18	e	tag441
2238.678209	0.0001	1	1	1	1	1	41	e	1	1	1	0	1	40	f	tag442
2238.835137	0.0001	1	1	1	1	2	37	e	1	1	1	0	2	36	f	tag443
2239.039099	0.0001	1	0	0	1	2	17	f	1	0	0	0	2	16	e	tag444
2239.159866	0.0001	1	1	1	1	1	42	e	1	1	1	0	1	41	e	tag445
2239.296455	0.0001	1	1	1	1	2	38	e	1	1	1	0	2	37	e	tag446
2239.616696	0.0001	1	1	1	1	1	43	e	1	1	1	0	1	42	f	tag447
2239.669842	0.0001	1	0	0	1	1	21	f	1	0	0	0	1	20	e	tag448
2239.829612	0.0001	1	1	1	1	2	39	e	1	1	1	0	2	38	f	tag449
2240.091864	0.0001	1	1	1	1	1	44	e	1	1	1	0	1	43	e	tag450
2240.237086	0.0001	1	0	0	1	2	19	f	1	0	0	0	2	18	e	tag451
2240.279622	0.0001	1	1	1	1	2	40	e	1	1	1	0	2	39	e	tag452
2240.53369	0.0001	1	1	1	1	1	45	e	1	1	1	0	1	44	f	tag453
2240.803202	0.0001	1	1	1	1	2	41	e	1	1	1	0	2	40	f	tag454
2240.81704	0.0001	1	0	0	1	1	23	f	1	0	0	0	1	22	e	tag455
2241.00272	0.0001	1	1	1	1	1	46	e	1	1	1	0	1	45	e	tag456
2241.242035	0.0001	1	1	1	1	2	42	e	1	1	1	0	2	41	e	tag457
2241.414458	0.0001	1	0	0	1	2	21	f	1	0	0	0	2	20	e	tag458
2241.75588	0.0001	1	1	1	1	2	43	e	1	1	1	0	2	42	f	tag459
2241.942732	0.0001	1	0	0	1	1	25	f	1	0	0	0	1	24	e	tag460
2242.183672	0.0001	1	1	1	1	2	44	e	1	1	1	0	2	43	e	tag461
2242.571189	0.0001	1	0	0	1	2	23	f	1	0	0	0	2	22	e	tag462
2242.687623	0.0001	1	1	1	1	2	45	e	1	1	1	0	2	44	f	tag463
2243.046903	0.0001	1	0	0	1	1	27	f	1	0	0	0	1	26	e	tag464
2243.104516	0.0001	1	1	1	1	2	46	e	1	1	1	0	2	45	e	tag465
2243.598405	0.0001	1	1	1	1	2	47	e	1	1	1	0	2	46	f	tag466
2243.707254	0.0001	1	0	0	1	2	25	f	1	0	0	0	2	24	e	tag467
2244.004549	0.0001	1	1	1	1	2	48	e	1	1	1	0	2	47	e	tag468
2244.12954	0.0001	1	0	0	1	1	29	f	1	0	0	0	1	28	e	tag469
2244.488201	0.0001	1	1	1	1	2	49	e	1	1	1	0	2	48	f	tag470
2244.822625	0.0001	1	0	0	1	2	27	f	1	0	0	0	2	26	e	tag471
2244.883752	0.0001	1	1	1	1	2	50	e	1	1	1	0	2	49	e	tag472
2245.19063	0.0001	1	0	0	1	1	31	f	1	0	0	0	1	30	e	tag473
2245.917277	0.0001	1	0	0	1	2	29	f	1	0	0	0	2	28	e	tag474
2246.230159	0.0001	1	0	0	1	1	33	f	1	0	0	0	1	32	e	tag475
2246.991182	0.0001	1	0	0	1	2	31	f	1	0	0	0	2	30	e	tag476
2247.248115	0.0001	1	0	0	1	1	35	f	1	0	0	0	1	34	e	tag477
2248.044314	0.0001	1	0	0	1	2	33	f	1	0	0	0	2	32	e	tag478
2248.244484	0.0001	1	0	0	1	1	37	f	1	0	0	0	1	36	e	tag479
2249.076645	0.0001	1	0	0	1	2	35	f	1	0	0	0	2	34	e	tag480
2249.219255	0.0001	1	0	0	1	1	39	f	1	0	0	0	1	38	e	tag481
2250.088148	0.0001	1	0	0	1	2	37	f	1	0	0	0	2	36	e	tag482
2250.172415	0.0001	1	0	0	1	1	41	f	1	0	0	0	1	40	e	tag483
2251.078796	0.0001	1	0	0	1	2	39	f	1	0	0	0	2	38	e	tag484
2251.103953	0.0001	1	0	0	1	1	43	f	1	0	0	0	1	42	e	tag485
2252.013857	0.0001	1	0	0	1	1	45	f	1	0	0	0	1	44	e	tag486
2252.048561	0.0001	1	0	0	1	2	41	f	1	0	0	0	2	40	e	tag487
2252.902116	0.0001	1	0	0	1	1	47	f	1	0	0	0	1	46	e	tag488
2252.997414	0.0001	1	0	0	1	2	43	f	1	0	0	0	2	42	e	tag489
2253.76872	0.0001	1	0	0	1	1	49	f	1	0	0	0	1	48	e	tag490
2253.925328	0.0001	1	0	0	1	2	45	f	1	0	0	0	2	44	e	tag491
2254.613656	0.0001	1	0	0	1	1	51	f	1	0	0	0	1	50	e	tag492
2254.832275	0.0001	1	0	0	1	2	47	f	1	0	0	0	2	46	e	tag493
2255.436916	0.0001	1	0	0	1	1	53	f	1	0	0	0	1	52	e	tag494
2255.718225	0.0001	1	0	0	1	2	49	f	1	0	0	0	2	48	e	tag495
2256.23849	0.0001	1	0	0	1	1	55	f	1	0	0	0	1	54	e	tag496
2256.58315	0.0001	1	0	0	1	2	51	f	1	0	0	0	2	50	e	tag497
2257.018366	0.0001	1	0	0	1	1	57	f	1	0	0	0	1	56	e	tag498
2257.427021	0.0001	1	0	0	1	2	53	f	1	0	0	0	2	52	e	tag499
2257.776536	0.0001	1	0	0	1	1	59	f	1	0	0	0	1	58	e	tag500
2258.24981	0.0001	1	0	0	1	2	55	f	1	0	0	0	2	54	e	tag501
2258.512991	0.0001	1	0	0	1	1	61	f	1	0	0	0	1	60	e	tag502
2259.051486	0.0001	1	0	0	1	2	57	f	1	0	0	0	2	56	e	tag503
2259.227721	0.0001	1	0	0	1	1	63	f	1	0	0	0	1	62	e	tag504
2259.832021	0.0001	1	0	0	1	2	59	f	1	0	0	0	2	58	e	tag505
2259.920718	0.0001	1	0	0	1	1	65	f	1	0	0	0	1	64	e	tag506
2260.591386	0.0001	1	0	0	1	2	61	f	1	0	0	0	2	60	e	tag507
2261.329549	0.0001	1	0	0	1	2	63	f	1	0	0	0	2	62	e	tag508
2262.046482	0.0001	1	0	0	1	2	65	f	1	0	0	0	2	64	e	tag509
2262.742155	0.0001	1	0	0	1	2	67	f	1	0	0	0	2	66	e	tag510
