v	unc	v1'	v2'	l2'	v3'	r'	J'	sym'	v1''	v2''	l2''	v3''	r''	J''	sym''	tag
535.383728	0.0001	1	1	1	0	2	9	e	1	0	0	0	1	9	e	tag1
535.416258	0.0001	1	1	1	0	2	11	e	1	0	0	0	1	11	e	tag2
535.454823	0.0001	1	1	1	0	2	13	e	1	0	0	0	1	13	e	tag3
535.49934	0.0001	1	1	1	0	2	15	e	1	0	0	0	1	15	e	tag4
535.523801	0.0001	1	1	1	0	2	16	f	1	0	0	0	1	16	e	tag5
535.549712	0.0001	1	1	1	0	2	17	e	1	0	0	0	1	17	e	tag6
535.57706	0.0001	1	1	1	0	2	18	f	1	0	0	0	1	18	e	tag7
535.605828	0.0001	1	1	1	0	2	19	e	1	0	0	0	1	19	e	tag8
535.667564	0.0001	1	1	1	0	2	21	e	1	0	0	0	1	21	e	tag9
535.734783	0.0001	1	1	1	0	2	23	e	1	0	0	0	1	23	e	tag10
535.807334	0.0001	1	1	1	0	2	25	e	1	0	0	0	1	25	e	tag11
535.885053	0.0001	1	1	1	0	2	27	e	1	0	0	0	1	27	e	tag12
605.696684	0.0001	1	1	1	0	2	50	e	1	0	0	0	2	51	e	tag13
606.384508	0.0001	1	1	1	0	2	49	f	1	0	0	0	2	50	e	tag14
607.073412	0.0001	1	1	1	0	2	48	e	1	0	0	0	2	49	e	tag15
607.76339	0.0001	1	1	1	0	2	47	f	1	0	0	0	2	48	e	tag16
608.454434	0.0001	1	1	1	0	2	46	e	1	0	0	0	2	47	e	tag17
609.146538	0.0001	1	1	1	0	2	45	f	1	0	0	0	2	46	e	tag18
609.839694	0.0001	1	1	1	0	2	44	e	1	0	0	0	2	45	e	tag19
610.533896	0.0001	1	1	1	0	2	43	f	1	0	0	0	2	44	e	tag20
611.229137	0.0001	1	1	1	0	2	42	e	1	0	0	0	2	43	e	tag21
611.925409	0.0001	1	1	1	0	2	41	f	1	0	0	0	2	42	e	tag22
612.622707	0.0001	1	1	1	0	2	40	e	1	0	0	0	2	41	e	tag23
613.321023	0.0001	1	1	1	0	2	39	f	1	0	0	0	2	40	e	tag24
614.02035	0.0001	1	1	1	0	2	38	e	1	0	0	0	2	39	e	tag25
614.720683	0.0001	1	1	1	0	2	37	f	1	0	0	0	2	38	e	tag26
615.422013	0.0001	1	1	1	0	2	36	e	1	0	0	0	2	37	e	tag27
616.124335	0.0001	1	1	1	0	2	35	f	1	0	0	0	2	36	e	tag28
616.827642	0.0001	1	1	1	0	2	34	e	1	0	0	0	2	35	e	tag29
617.531928	0.0001	1	1	1	0	2	33	f	1	0	0	0	2	34	e	tag30
618.237185	0.0001	1	1	1	0	2	32	e	1	0	0	0	2	33	e	tag31
618.943408	0.0001	1	1	1	0	2	31	f	1	0	0	0	2	32	e	tag32
619.650591	0.0001	1	1	1	0	2	30	e	1	0	0	0	2	31	e	tag33
620.358727	0.0001	1	1	1	0	2	29	f	1	0	0	0	2	30	e	tag34
621.067809	0.0001	1	1	1	0	2	28	e	1	0	0	0	2	29	e	tag35
621.777833	0.0001	1	1	1	0	2	27	f	1	0	0	0	2	28	e	tag36
622.488791	0.0001	1	1	1	0	2	26	e	1	0	0	0	2	27	e	tag37
623.200678	0.0001	1	1	1	0	2	25	f	1	0	0	0	2	26	e	tag38
623.913489	0.0001	1	1	1	0	2	24	e	1	0	0	0	2	25	e	tag39
624.627216	0.0001	1	1	1	0	2	23	f	1	0	0	0	2	24	e	tag40
625.341855	0.0001	1	1	1	0	2	22	e	1	0	0	0	2	23	e	tag41
626.0574	0.0001	1	1	1	0	2	21	f	1	0	0	0	2	22	e	tag42
626.773845	0.0001	1	1	1	0	2	20	e	1	0	0	0	2	21	e	tag43
627.491185	0.0001	1	1	1	0	2	19	f	1	0	0	0	2	20	e	tag44
628.209415	0.0001	1	1	1	0	2	18	e	1	0	0	0	2	19	e	tag45
628.928529	0.0001	1	1	1	0	2	17	f	1	0	0	0	2	18	e	tag46
629.648522	0.0001	1	1	1	0	2	16	e	1	0	0	0	2	17	e	tag47
630.369389	0.0001	1	1	1	0	2	15	f	1	0	0	0	2	16	e	tag48
631.091126	0.0001	1	1	1	0	2	14	e	1	0	0	0	2	15	e	tag49
631.813726	0.0001	1	1	1	0	2	13	f	1	0	0	0	2	14	e	tag50
632.537187	0.0001	1	1	1	0	2	12	e	1	0	0	0	2	13	e	tag51
633.261502	0.0001	1	1	1	0	2	11	f	1	0	0	0	2	12	e	tag52
633.986667	0.0001	1	1	1	0	2	10	e	1	0	0	0	2	11	e	tag53
634.712678	0.0001	1	1	1	0	2	9	f	1	0	0	0	2	10	e	tag54
635.43953	0.0001	1	1	1	0	2	8	e	1	0	0	0	2	9	e	tag55
636.16722	0.0001	1	1	1	0	2	7	f	1	0	0	0	2	8	e	tag56
636.895742	0.0001	1	1	1	0	2	6	e	1	0	0	0	2	7	e	tag57
637.625094	0.0001	1	1	1	0	2	5	f	1	0	0	0	2	6	e	tag58
638.355271	0.0001	1	1	1	0	2	4	e	1	0	0	0	2	5	e	tag59
639.086269	0.0001	1	1	1	0	2	3	f	1	0	0	0	2	4	e	tag60
639.818085	0.0001	1	1	1	0	2	2	e	1	0	0	0	2	3	e	tag61
640.550715	0.0001	1	1	1	0	2	1	f	1	0	0	0	2	2	e	tag62
642.020784	0.0001	1	1	1	0	2	1	e	1	0	0	0	2	1	e	tag63
642.025547	0.0001	1	1	1	0	2	2	f	1	0	0	0	2	2	e	tag64
642.032692	0.0001	1	1	1	0	2	3	e	1	0	0	0	2	3	e	tag65
642.042218	0.0001	1	1	1	0	2	4	f	1	0	0	0	2	4	e	tag66
642.054125	0.0001	1	1	1	0	2	5	e	1	0	0	0	2	5	e	tag67
642.068414	0.0001	1	1	1	0	2	6	f	1	0	0	0	2	6	e	tag68
642.085084	0.0001	1	1	1	0	2	7	e	1	0	0	0	2	7	e	tag69
642.104135	0.0001	1	1	1	0	2	8	f	1	0	0	0	2	8	e	tag70
642.125566	0.0001	1	1	1	0	2	9	e	1	0	0	0	2	9	e	tag71
642.149379	0.0001	1	1	1	0	2	10	f	1	0	0	0	2	10	e	tag72
642.175572	0.0001	1	1	1	0	2	11	e	1	0	0	0	2	11	e	tag73
642.204144	0.0001	1	1	1	0	2	12	f	1	0	0	0	2	12	e	tag74
642.235097	0.0001	1	1	1	0	2	13	e	1	0	0	0	2	13	e	tag75
642.26843	0.0001	1	1	1	0	2	14	f	1	0	0	0	2	14	e	tag76
642.304141	0.0001	1	1	1	0	2	15	e	1	0	0	0	2	15	e	tag77
642.342232	0.0001	1	1	1	0	2	16	f	1	0	0	0	2	16	e	tag78
642.382701	0.0001	1	1	1	0	2	17	e	1	0	0	0	2	17	e	tag79
642.425548	0.0001	1	1	1	0	2	18	f	1	0	0	0	2	18	e	tag80
642.470773	0.0001	1	1	1	0	2	19	e	1	0	0	0	2	19	e	tag81
642.518375	0.0001	1	1	1	0	2	20	f	1	0	0	0	2	20	e	tag82
642.568354	0.0001	1	1	1	0	2	21	e	1	0	0	0	2	21	e	tag83
642.620709	0.0001	1	1	1	0	2	22	f	1	0	0	0	2	22	e	tag84
642.67544	0.0001	1	1	1	0	2	23	e	1	0	0	0	2	23	e	tag85
642.732545	0.0001	1	1	1	0	2	24	f	1	0	0	0	2	24	e	tag86
642.753454	0.0001	1	1	1	0	2	1	f	1	0	0	0	2	0	e	tag87
642.792025	0.0001	1	1	1	0	2	25	e	1	0	0	0	2	25	e	tag88
642.853879	0.0001	1	1	1	0	2	26	f	1	0	0	0	2	26	e	tag89
642.918105	0.0001	1	1	1	0	2	27	e	1	0	0	0	2	27	e	tag90
642.984704	0.0001	1	1	1	0	2	28	f	1	0	0	0	2	28	e	tag91
643.053674	0.0001	1	1	1	0	2	29	e	1	0	0	0	2	29	e	tag92
643.125015	0.0001	1	1	1	0	2	30	f	1	0	0	0	2	30	e	tag93
643.198725	0.0001	1	1	1	0	2	31	e	1	0	0	0	2	31	e	tag94
643.274803	0.0001	1	1	1	0	2	32	f	1	0	0	0	2	32	e	tag95
643.35325	0.0001	1	1	1	0	2	33	e	1	0	0	0	2	33	e	tag96
643.434062	0.0001	1	1	1	0	2	34	f	1	0	0	0	2	34	e	tag97
643.489306	0.0001	1	1	1	0	2	2	e	1	0	0	0	2	1	e	tag98
643.51724	0.0001	1	1	1	0	2	35	e	1	0	0	0	2	35	e	tag99
643.602783	0.0001	1	1	1	0	2	36	f	1	0	0	0	2	36	e	tag100
643.690688	0.0001	1	1	1	0	2	37	e	1	0	0	0	2	37	e	tag101
643.780955	0.0001	1	1	1	0	2	38	f	1	0	0	0	2	38	e	tag102
643.873582	0.0001	1	1	1	0	2	39	e	1	0	0	0	2	39	e	tag103
643.968568	0.0001	1	1	1	0	2	40	f	1	0	0	0	2	40	e	tag104
644.065911	0.0001	1	1	1	0	2	41	e	1	0	0	0	2	41	e	tag105
644.16561	0.0001	1	1	1	0	2	42	f	1	0	0	0	2	42	e	tag106
644.225955	0.0001	1	1	1	0	2	3	f	1	0	0	0	2	2	e	tag107
644.267663	0.0001	1	1	1	0	2	43	e	1	0	0	0	2	43	e	tag108
644.372069	0.0001	1	1	1	0	2	44	f	1	0	0	0	2	44	e	tag109
644.478825	0.0001	1	1	1	0	2	45	e	1	0	0	0	2	45	e	tag110
644.58793	0.0001	1	1	1	0	2	46	f	1	0	0	0	2	46	e	tag111
644.699382	0.0001	1	1	1	0	2	47	e	1	0	0	0	2	47	e	tag112
644.813179	0.0001	1	1	1	0	2	48	f	1	0	0	0	2	48	e	tag113
644.929319	0.0001	1	1	1	0	2	49	e	1	0	0	0	2	49	e	tag114
644.9634	0.0001	1	1	1	0	2	4	e	1	0	0	0	2	3	e	tag115
645.047799	0.0001	1	1	1	0	2	50	f	1	0	0	0	2	50	e	tag116
645.168617	0.0001	1	1	1	0	2	51	e	1	0	0	0	2	51	e	tag117
645.291771	0.0001	1	1	1	0	2	52	f	1	0	0	0	2	52	e	tag118
645.417258	0.0001	1	1	1	0	2	53	e	1	0	0	0	2	53	e	tag119
645.545076	0.0001	1	1	1	0	2	54	f	1	0	0	0	2	54	e	tag120
645.675223	0.0001	1	1	1	0	2	55	e	1	0	0	0	2	55	e	tag121
645.701636	0.0001	1	1	1	0	2	5	f	1	0	0	0	2	4	e	tag122
646.440662	0.0001	1	1	1	0	2	6	e	1	0	0	0	2	5	e	tag123
647.180475	0.0001	1	1	1	0	2	7	f	1	0	0	0	2	6	e	tag124
647.353588	0.0001	1	2	2	0	2	5	f	1	1	1	0	2	5	f	tag125
647.357672	0.0001	1	2	2	0	2	6	e	1	1	1	0	2	6	f	tag126
647.362438	0.0001	1	2	2	0	2	7	f	1	1	1	0	2	7	f	tag127
647.367888	0.0001	1	2	2	0	2	8	e	1	1	1	0	2	8	f	tag128
647.374024	0.0001	1	2	2	0	2	9	f	1	1	1	0	2	9	f	tag129
647.380845	0.0001	1	2	2	0	2	10	e	1	1	1	0	2	10	f	tag130
647.388355	0.0001	1	2	2	0	2	11	f	1	1	1	0	2	11	f	tag131
647.390787	0.0001	1	2	2	0	2	6	f	1	1	1	0	2	6	e	tag132
647.396553	0.0001	1	2	2	0	2	12	e	1	1	1	0	2	12	f	tag133
647.405443	0.0001	1	2	2	0	2	13	f	1	1	1	0	2	13	f	tag134
647.406585	0.0001	1	2	2	0	2	7	e	1	1	1	0	2	7	e	tag135
647.415025	0.0001	1	2	2	0	2	14	e	1	1	1	0	2	14	f	tag136
647.424638	0.0001	1	2	2	0	2	8	f	1	1	1	0	2	8	e	tag137
647.425302	0.0001	1	2	2	0	2	15	f	1	1	1	0	2	15	f	tag138
647.4258	0.0001	1	1	1	0	1	48	e	1	0	0	0	1	49	e	tag139
647.436276	0.0001	1	2	2	0	2	16	e	1	1	1	0	2	16	f	tag140
647.444945	0.0001	1	2	2	0	2	9	e	1	1	1	0	2	9	e	tag141
647.447948	0.0001	1	2	2	0	2	17	f	1	1	1	0	2	17	f	tag142
647.460321	0.0001	1	2	2	0	2	18	e	1	1	1	0	2	18	f	tag143
647.467507	0.0001	1	2	2	0	2	10	f	1	1	1	0	2	10	e	tag144
647.473397	0.0001	1	2	2	0	2	19	f	1	1	1	0	2	19	f	tag145
647.487178	0.0001	1	2	2	0	2	20	e	1	1	1	0	2	20	f	tag146
647.492321	0.0001	1	2	2	0	2	11	e	1	1	1	0	2	11	e	tag147
647.501668	0.0001	1	2	2	0	2	21	f	1	1	1	0	2	21	f	tag148
647.516868	0.0001	1	2	2	0	2	22	e	1	1	1	0	2	22	f	tag149
647.519388	0.0001	1	2	2	0	2	12	f	1	1	1	0	2	12	e	tag150
647.532781	0.0001	1	2	2	0	2	23	f	1	1	1	0	2	23	f	tag151
647.548706	0.0001	1	2	2	0	2	13	e	1	1	1	0	2	13	e	tag152
647.54941	0.0001	1	2	2	0	2	24	e	1	1	1	0	2	24	f	tag153
647.566756	0.0001	1	2	2	0	2	25	f	1	1	1	0	2	25	f	tag154
647.580274	0.0001	1	2	2	0	2	14	f	1	1	1	0	2	14	e	tag155
647.584824	0.0001	1	2	2	0	2	26	e	1	1	1	0	2	26	f	tag156
647.603615	0.0001	1	2	2	0	2	27	f	1	1	1	0	2	27	f	tag157
647.614092	0.0001	1	2	2	0	2	15	e	1	1	1	0	2	15	e	tag158
647.623132	0.0001	1	2	2	0	2	28	e	1	1	1	0	2	28	f	tag159
647.643378	0.0001	1	2	2	0	2	29	f	1	1	1	0	2	29	f	tag160
647.650158	0.0001	1	2	2	0	2	16	f	1	1	1	0	2	16	e	tag161
647.664355	0.0001	1	2	2	0	2	30	e	1	1	1	0	2	30	f	tag162
647.686067	0.0001	1	2	2	0	2	31	f	1	1	1	0	2	31	f	tag163
647.68847	0.0001	1	2	2	0	2	17	e	1	1	1	0	2	17	e	tag164
647.729028	0.0001	1	2	2	0	2	18	f	1	1	1	0	2	18	e	tag165
647.731702	0.0001	1	2	2	0	2	33	f	1	1	1	0	2	33	f	tag166
647.77183	0.0001	1	2	2	0	2	19	e	1	1	1	0	2	19	e	tag167
647.816874	0.0001	1	2	2	0	2	20	f	1	1	1	0	2	20	e	tag168
647.864159	0.0001	1	2	2	0	2	21	e	1	1	1	0	2	21	e	tag169
647.913683	0.0001	1	2	2	0	2	22	f	1	1	1	0	2	22	e	tag170
647.921071	0.0001	1	1	1	0	2	8	e	1	0	0	0	2	7	e	tag171
647.965445	0.0001	1	2	2	0	2	23	e	1	1	1	0	2	23	e	tag172
648.019443	0.0001	1	2	2	0	2	24	f	1	1	1	0	2	24	e	tag173
648.075675	0.0001	1	2	2	0	2	25	e	1	1	1	0	2	25	e	tag174
648.134138	0.0001	1	2	2	0	2	26	f	1	1	1	0	2	26	e	tag175
648.194832	0.0001	1	2	2	0	2	27	e	1	1	1	0	2	27	e	tag176
648.257752	0.0001	1	2	2	0	2	28	f	1	1	1	0	2	28	e	tag177
648.322899	0.0001	1	2	2	0	2	29	e	1	1	1	0	2	29	e	tag178
648.390269	0.0001	1	2	2	0	2	30	f	1	1	1	0	2	30	e	tag179
648.531668	0.0001	1	2	2	0	2	32	f	1	1	1	0	2	32	e	tag180
648.66245	0.0001	1	1	1	0	2	9	f	1	0	0	0	2	8	e	tag181
648.68193	0.0001	1	2	2	0	2	34	f	1	1	1	0	2	34	e	tag182
648.877102	0.0001	1	1	1	0	1	46	e	1	0	0	0	1	47	e	tag183
649.404608	0.0001	1	1	1	0	2	10	e	1	0	0	0	2	9	e	tag184
649.602877	0.0001	1	1	1	0	1	45	f	1	0	0	0	1	46	e	tag185
650.147543	0.0001	1	1	1	0	2	11	f	1	0	0	0	2	10	e	tag186
650.328744	0.0001	1	1	1	0	1	44	e	1	0	0	0	1	45	e	tag187
650.891254	0.0001	1	1	1	0	2	12	e	1	0	0	0	2	11	e	tag188
651.052442	0.0001	1	2	2	0	2	5	f	1	1	1	0	2	4	e	tag189
651.054714	0.0001	1	1	1	0	1	43	f	1	0	0	0	1	44	e	tag190
651.635739	0.0001	1	1	1	0	2	13	f	1	0	0	0	2	12	e	tag191
651.777324	0.0001	1	2	2	0	2	6	f	1	1	1	0	2	5	f	tag192
651.780795	0.0001	1	1	1	0	1	42	e	1	0	0	0	1	43	e	tag193
652.380995	0.0001	1	1	1	0	2	14	e	1	0	0	0	2	13	e	tag194
652.506994	0.0001	1	1	1	0	1	41	f	1	0	0	0	1	42	e	tag195
652.55178	0.0001	1	2	2	0	2	7	f	1	1	1	0	2	6	e	tag196
653.127021	0.0001	1	1	1	0	2	15	f	1	0	0	0	2	14	e	tag197
653.233319	0.0001	1	1	1	0	1	40	e	1	0	0	0	1	41	e	tag198
653.260625	0.0001	1	2	2	0	2	8	f	1	1	1	0	2	7	f	tag199
653.873815	0.0001	1	1	1	0	2	16	e	1	0	0	0	2	15	e	tag200
653.959778	0.0001	1	1	1	0	1	39	f	1	0	0	0	1	40	e	tag201
654.06006	0.0001	1	2	2	0	2	9	f	1	1	1	0	2	8	e	tag202
654.621376	0.0001	1	1	1	0	2	17	f	1	0	0	0	2	16	e	tag203
654.686377	0.0001	1	1	1	0	1	38	e	1	0	0	0	1	39	e	tag204
654.746548	0.0001	1	2	2	0	2	10	f	1	1	1	0	2	9	f	tag205
654.817547	0.0001	1	2	2	0	2	10	e	1	1	1	0	2	9	e	tag206
655.369702	0.0001	1	1	1	0	2	18	e	1	0	0	0	2	17	e	tag207
655.413124	0.0001	1	1	1	0	1	37	f	1	0	0	0	1	38	e	tag208
655.490486	0.0001	1	2	2	0	2	11	e	1	1	1	0	2	10	f	tag209
655.57726	0.0001	1	2	2	0	2	11	f	1	1	1	0	2	10	e	tag210
656.118792	0.0001	1	1	1	0	2	19	f	1	0	0	0	2	18	e	tag211
656.140026	0.0001	1	1	1	0	1	36	e	1	0	0	0	1	37	e	tag212
656.235071	0.0001	1	2	2	0	2	12	f	1	1	1	0	2	11	f	tag213
656.339196	0.0001	1	2	2	0	2	12	e	1	1	1	0	2	11	e	tag214
656.867088	0.0001	1	1	1	0	1	35	f	1	0	0	0	1	36	e	tag215
656.868646	0.0001	1	1	1	0	2	20	e	1	0	0	0	2	19	e	tag216
656.9803	0.0001	1	2	2	0	2	13	e	1	1	1	0	2	12	f	tag217
657.103354	0.0001	1	2	2	0	2	13	f	1	1	1	0	2	12	e	tag218
657.594318	0.0001	1	1	1	0	1	34	e	1	0	0	0	1	35	e	tag219
657.61926	0.0001	1	1	1	0	2	21	f	1	0	0	0	2	20	e	tag220
657.726172	0.0001	1	2	2	0	2	14	f	1	1	1	0	2	13	f	tag221
657.869728	0.0001	1	2	2	0	2	14	e	1	1	1	0	2	13	e	tag222
658.32172	0.0001	1	1	1	0	1	33	f	1	0	0	0	1	34	e	tag223
658.370636	0.0001	1	1	1	0	2	22	e	1	0	0	0	2	21	e	tag224
658.472683	0.0001	1	2	2	0	2	15	e	1	1	1	0	2	14	f	tag225
658.638317	0.0001	1	2	2	0	2	15	f	1	1	1	0	2	14	e	tag226
659.049301	0.0001	1	1	1	0	1	32	e	1	0	0	0	1	33	e	tag227
659.122772	0.0001	1	1	1	0	2	23	f	1	0	0	0	2	22	e	tag228
659.219831	0.0001	1	2	2	0	2	16	f	1	1	1	0	2	15	f	tag229
659.409118	0.0001	1	2	2	0	2	16	e	1	1	1	0	2	15	e	tag230
659.777066	0.0001	1	1	1	0	1	31	f	1	0	0	0	1	32	e	tag231
659.875666	0.0001	1	1	1	0	2	24	e	1	0	0	0	2	23	e	tag232
659.967614	0.0001	1	2	2	0	2	17	e	1	1	1	0	2	16	f	tag233
660.182126	0.0001	1	2	2	0	2	17	f	1	1	1	0	2	16	e	tag234
660.505021	0.0001	1	1	1	0	1	30	e	1	0	0	0	1	31	e	tag235
660.629319	0.0001	1	1	1	0	2	25	f	1	0	0	0	2	24	e	tag236
660.716029	0.0001	1	2	2	0	2	18	f	1	1	1	0	2	17	f	tag237
660.95734	0.0001	1	2	2	0	2	18	e	1	1	1	0	2	17	e	tag238
661.233169	0.0001	1	1	1	0	1	29	f	1	0	0	0	1	30	e	tag239
661.383729	0.0001	1	1	1	0	2	26	e	1	0	0	0	2	25	e	tag240
661.465074	0.0001	1	2	2	0	2	19	e	1	1	1	0	2	18	f	tag241
661.734755	0.0001	1	2	2	0	2	19	f	1	1	1	0	2	18	e	tag242
661.961516	0.0001	1	1	1	0	1	28	e	1	0	0	0	1	29	e	tag243
662.138897	0.0001	1	1	1	0	2	27	f	1	0	0	0	2	26	e	tag244
662.214746	0.0001	1	2	2	0	2	20	f	1	1	1	0	2	19	f	tag245
662.514368	0.0001	1	2	2	0	2	20	e	1	1	1	0	2	19	e	tag246
662.690067	0.0001	1	1	1	0	1	27	f	1	0	0	0	1	28	e	tag247
662.894821	0.0001	1	1	1	0	2	28	e	1	0	0	0	2	27	e	tag248
662.965044	0.0001	1	2	2	0	2	21	e	1	1	1	0	2	20	f	tag249
663.296177	0.0001	1	2	2	0	2	21	f	1	1	1	0	2	20	e	tag250
663.418825	0.0001	1	1	1	0	1	26	e	1	0	0	0	1	27	e	tag251
663.651502	0.0001	1	1	1	0	2	29	f	1	0	0	0	2	28	e	tag252
663.715966	0.0001	1	2	2	0	2	22	f	1	1	1	0	2	21	f	tag253
664.080177	0.0001	1	2	2	0	2	22	e	1	1	1	0	2	21	e	tag254
664.147795	0.0001	1	1	1	0	1	25	f	1	0	0	0	1	26	e	tag255
664.408938	0.0001	1	1	1	0	2	30	e	1	0	0	0	2	29	e	tag256
664.467508	0.0001	1	2	2	0	2	23	e	1	1	1	0	2	22	f	tag257
664.866366	0.0001	1	2	2	0	2	23	f	1	1	1	0	2	22	e	tag258
664.876979	0.0001	1	1	1	0	1	24	e	1	0	0	0	1	25	e	tag259
665.16713	0.0001	1	1	1	0	2	31	f	1	0	0	0	2	30	e	tag260
665.21967	0.0001	1	2	2	0	2	24	f	1	1	1	0	2	23	f	tag261
665.606382	0.0001	1	1	1	0	1	23	f	1	0	0	0	1	24	e	tag262
665.926078	0.0001	1	1	1	0	2	32	e	1	0	0	0	2	31	e	tag263
666.336007	0.0001	1	1	1	0	1	22	e	1	0	0	0	1	23	e	tag264
666.445293	0.0001	1	2	2	0	2	25	f	1	1	1	0	2	24	e	tag265
666.685781	0.0001	1	1	1	0	2	33	f	1	0	0	0	2	32	e	tag266
666.725842	0.0001	1	2	2	0	2	26	f	1	1	1	0	2	25	f	tag267
667.065857	0.0001	1	1	1	0	1	21	f	1	0	0	0	1	22	e	tag268
667.44624	0.0001	1	1	1	0	2	34	e	1	0	0	0	2	33	e	tag269
667.795934	0.0001	1	1	1	0	1	20	e	1	0	0	0	1	21	e	tag270
668.032929	0.0001	1	2	2	0	2	27	f	1	1	1	0	2	26	e	tag271
668.207454	0.0001	1	1	1	0	2	35	f	1	0	0	0	2	34	e	tag272
668.234468	0.0001	1	2	2	0	2	28	f	1	1	1	0	2	27	f	tag273
668.526241	0.0001	1	1	1	0	1	19	f	1	0	0	0	1	20	e	tag274
668.969425	0.0001	1	1	1	0	2	36	e	1	0	0	0	2	35	e	tag275
669.256781	0.0001	1	1	1	0	1	18	e	1	0	0	0	1	19	e	tag276
669.629243	0.0001	1	2	2	0	2	29	f	1	1	1	0	2	28	e	tag277
669.732151	0.0001	1	1	1	0	2	37	f	1	0	0	0	2	36	e	tag278
669.987555	0.0001	1	1	1	0	1	17	f	1	0	0	0	1	18	e	tag279
670.495634	0.0001	1	1	1	0	2	38	e	1	0	0	0	2	37	e	tag280
670.718564	0.0001	1	1	1	0	1	16	e	1	0	0	0	1	17	e	tag281
671.259873	0.0001	1	1	1	0	2	39	f	1	0	0	0	2	38	e	tag282
671.449811	0.0001	1	1	1	0	1	15	f	1	0	0	0	1	16	e	tag283
672.02487	0.0001	1	1	1	0	2	40	e	1	0	0	0	2	39	e	tag284
672.181297	0.0001	1	1	1	0	1	14	e	1	0	0	0	1	15	e	tag285
672.790624	0.0001	1	1	1	0	2	41	f	1	0	0	0	2	40	e	tag286
672.913023	0.0001	1	1	1	0	1	13	f	1	0	0	0	1	14	e	tag287
673.557136	0.0001	1	1	1	0	2	42	e	1	0	0	0	2	41	e	tag288
673.64499	0.0001	1	1	1	0	1	12	e	1	0	0	0	1	13	e	tag289
674.324407	0.0001	1	1	1	0	2	43	f	1	0	0	0	2	42	e	tag290
674.377198	0.0001	1	1	1	0	1	11	f	1	0	0	0	1	12	e	tag291
675.092437	0.0001	1	1	1	0	2	44	e	1	0	0	0	2	43	e	tag292
675.109648	0.0001	1	1	1	0	1	10	e	1	0	0	0	1	11	e	tag293
675.842339	0.0001	1	1	1	0	1	9	f	1	0	0	0	1	10	e	tag294
675.861227	0.0001	1	1	1	0	2	45	f	1	0	0	0	2	44	e	tag295
676.575272	0.0001	1	1	1	0	1	8	e	1	0	0	0	1	9	e	tag296
676.630778	0.0001	1	1	1	0	2	46	e	1	0	0	0	2	45	e	tag297
677.308447	0.0001	1	1	1	0	1	7	f	1	0	0	0	1	8	e	tag298
677.40109	0.0001	1	1	1	0	2	47	f	1	0	0	0	2	46	e	tag299
678.041862	0.0001	1	1	1	0	1	6	e	1	0	0	0	1	7	e	tag300
678.172164	0.0001	1	1	1	0	2	48	e	1	0	0	0	2	47	e	tag301
678.616404	0.0001	1	2	2	0	1	9	f	1	1	1	0	1	9	f	tag302
678.622918	0.0001	1	2	2	0	1	11	f	1	1	1	0	1	11	f	tag303
678.630566	0.0001	1	2	2	0	1	13	f	1	1	1	0	1	13	f	tag304
678.63929	0.0001	1	2	2	0	1	15	f	1	1	1	0	1	15	f	tag305
678.649023	0.0001	1	2	2	0	1	17	f	1	1	1	0	1	17	f	tag306
678.659691	0.0001	1	2	2	0	1	19	f	1	1	1	0	1	19	f	tag307
678.671206	0.0001	1	2	2	0	1	21	f	1	1	1	0	1	21	f	tag308
678.683471	0.0001	1	2	2	0	1	23	f	1	1	1	0	1	23	f	tag309
678.696382	0.0001	1	2	2	0	1	25	f	1	1	1	0	1	25	f	tag310
678.716433	0.0001	1	2	2	0	1	10	f	1	1	1	0	1	10	e	tag311
678.764203	0.0001	1	2	2	0	1	12	f	1	1	1	0	1	12	e	tag312
678.775517	0.0001	1	1	1	0	1	5	f	1	0	0	0	1	6	e	tag313
678.820271	0.0001	1	2	2	0	1	14	f	1	1	1	0	1	14	e	tag314
678.884632	0.0001	1	2	2	0	1	16	f	1	1	1	0	1	16	e	tag315
678.944001	0.0001	1	1	1	0	2	49	f	1	0	0	0	2	48	e	tag316
678.957279	0.0001	1	2	2	0	1	18	f	1	1	1	0	1	18	e	tag317
679.038208	0.0001	1	2	2	0	1	20	f	1	1	1	0	1	20	e	tag318
679.12741	0.0001	1	2	2	0	1	22	f	1	1	1	0	1	22	e	tag319
679.224877	0.0001	1	2	2	0	1	24	f	1	1	1	0	1	24	e	tag320
679.330601	0.0001	1	2	2	0	1	26	f	1	1	1	0	1	26	e	tag321
679.509411	0.0001	1	1	1	0	1	4	e	1	0	0	0	1	5	e	tag322
679.716601	0.0001	1	1	1	0	2	50	e	1	0	0	0	2	49	e	tag323
680.243543	0.0001	1	1	1	0	1	3	f	1	0	0	0	1	4	e	tag324
680.489967	0.0001	1	1	1	0	2	51	f	1	0	0	0	2	50	e	tag325
680.977911	0.0001	1	1	1	0	1	2	e	1	0	0	0	1	3	e	tag326
681.264097	0.0001	1	1	1	0	2	52	e	1	0	0	0	2	51	e	tag327
681.712513	0.0001	1	1	1	0	1	1	f	1	0	0	0	1	2	e	tag328
682.038994	0.0001	1	1	1	0	2	53	f	1	0	0	0	2	52	e	tag329
682.814659	0.0001	1	1	1	0	2	54	e	1	0	0	0	2	53	e	tag330
683.184397	0.0001	1	1	1	0	1	1	e	1	0	0	0	1	1	e	tag331
683.188367	0.0001	1	1	1	0	1	2	f	1	0	0	0	1	2	e	tag332
683.194322	0.0001	1	1	1	0	1	3	e	1	0	0	0	1	3	e	tag333
683.202262	0.0001	1	1	1	0	1	4	f	1	0	0	0	1	4	e	tag334
683.212185	0.0001	1	1	1	0	1	5	e	1	0	0	0	1	5	e	tag335
683.224091	0.0001	1	1	1	0	1	6	f	1	0	0	0	1	6	e	tag336
683.23798	0.0001	1	1	1	0	1	7	e	1	0	0	0	1	7	e	tag337
683.253849	0.0001	1	1	1	0	1	8	f	1	0	0	0	1	8	e	tag338
683.271699	0.0001	1	1	1	0	1	9	e	1	0	0	0	1	9	e	tag339
683.291528	0.0001	1	1	1	0	1	10	f	1	0	0	0	1	10	e	tag340
683.313334	0.0001	1	1	1	0	1	11	e	1	0	0	0	1	11	e	tag341
683.337115	0.0001	1	1	1	0	1	12	f	1	0	0	0	1	12	e	tag342
683.362871	0.0001	1	1	1	0	1	13	e	1	0	0	0	1	13	e	tag343
683.390599	0.0001	1	1	1	0	1	14	f	1	0	0	0	1	14	e	tag344
683.420297	0.0001	1	1	1	0	1	15	e	1	0	0	0	1	15	e	tag345
683.451963	0.0001	1	1	1	0	1	16	f	1	0	0	0	1	16	e	tag346
683.485594	0.0001	1	1	1	0	1	17	e	1	0	0	0	1	17	e	tag347
683.521189	0.0001	1	1	1	0	1	18	f	1	0	0	0	1	18	e	tag348
683.558744	0.0001	1	1	1	0	1	19	e	1	0	0	0	1	19	e	tag349
683.598257	0.0001	1	1	1	0	1	20	f	1	0	0	0	1	20	e	tag350
683.639725	0.0001	1	1	1	0	1	21	e	1	0	0	0	1	21	e	tag351
683.683144	0.0001	1	1	1	0	1	22	f	1	0	0	0	1	22	e	tag352
683.728512	0.0001	1	1	1	0	1	23	e	1	0	0	0	1	23	e	tag353
683.775825	0.0001	1	1	1	0	1	24	f	1	0	0	0	1	24	e	tag354
683.82508	0.0001	1	1	1	0	1	25	e	1	0	0	0	1	25	e	tag355
683.876272	0.0001	1	1	1	0	1	26	f	1	0	0	0	1	26	e	tag356
683.917704	0.0001	1	1	1	0	1	1	f	1	0	0	0	1	0	e	tag357
683.929397	0.0001	1	1	1	0	1	27	e	1	0	0	0	1	27	e	tag358
683.984453	0.0001	1	1	1	0	1	28	f	1	0	0	0	1	28	e	tag359
684.041434	0.0001	1	1	1	0	1	29	e	1	0	0	0	1	29	e	tag360
684.100336	0.0001	1	1	1	0	1	30	f	1	0	0	0	1	30	e	tag361
684.161154	0.0001	1	1	1	0	1	31	e	1	0	0	0	1	31	e	tag362
684.223884	0.0001	1	1	1	0	1	32	f	1	0	0	0	1	32	e	tag363
684.288521	0.0001	1	1	1	0	1	33	e	1	0	0	0	1	33	e	tag364
684.35506	0.0001	1	1	1	0	1	34	f	1	0	0	0	1	34	e	tag365
684.423495	0.0001	1	1	1	0	1	35	e	1	0	0	0	1	35	e	tag366
684.49382	0.0001	1	1	1	0	1	36	f	1	0	0	0	1	36	e	tag367
684.566031	0.0001	1	1	1	0	1	37	e	1	0	0	0	1	37	e	tag368
684.640121	0.0001	1	1	1	0	1	38	f	1	0	0	0	1	38	e	tag369
684.653221	0.0001	1	1	1	0	1	2	e	1	0	0	0	1	1	e	tag370
684.716085	0.0001	1	1	1	0	1	39	e	1	0	0	0	1	39	e	tag371
684.793915	0.0001	1	1	1	0	1	40	f	1	0	0	0	1	40	e	tag372
684.873606	0.0001	1	1	1	0	1	41	e	1	0	0	0	1	41	e	tag373
684.95515	0.0001	1	1	1	0	1	42	f	1	0	0	0	1	42	e	tag374
685.038542	0.0001	1	1	1	0	1	43	e	1	0	0	0	1	43	e	tag375
685.123773	0.0001	1	1	1	0	1	44	f	1	0	0	0	1	44	e	tag376
685.210837	0.0001	1	1	1	0	1	45	e	1	0	0	0	1	45	e	tag377
685.299726	0.0001	1	1	1	0	1	46	f	1	0	0	0	1	46	e	tag378
685.388961	0.0001	1	1	1	0	1	3	f	1	0	0	0	1	2	e	tag379
685.390432	0.0001	1	1	1	0	1	47	e	1	0	0	0	1	47	e	tag380
685.482948	0.0001	1	1	1	0	1	48	f	1	0	0	0	1	48	e	tag381
685.577265	0.0001	1	1	1	0	1	49	e	1	0	0	0	1	49	e	tag382
685.673374	0.0001	1	1	1	0	1	50	f	1	0	0	0	1	50	e	tag383
685.771267	0.0001	1	1	1	0	1	51	e	1	0	0	0	1	51	e	tag384
685.870936	0.0001	1	1	1	0	1	52	f	1	0	0	0	1	52	e	tag385
685.972371	0.0001	1	1	1	0	1	53	e	1	0	0	0	1	53	e	tag386
686.124919	0.0001	1	1	1	0	1	4	e	1	0	0	0	1	3	e	tag387
686.1805	0.0001	1	1	1	0	1	55	e	1	0	0	0	1	55	e	tag388
686.861093	0.0001	1	1	1	0	1	5	f	1	0	0	0	1	4	e	tag389
687.597479	0.0001	1	1	1	0	1	6	e	1	0	0	0	1	5	e	tag390
688.334074	0.0001	1	1	1	0	1	7	f	1	0	0	0	1	6	e	tag391
689.070872	0.0001	1	1	1	0	1	8	e	1	0	0	0	1	7	e	tag392
689.807871	0.0001	1	1	1	0	1	9	f	1	0	0	0	1	8	e	tag393
690.545064	0.0001	1	1	1	0	1	10	e	1	0	0	0	1	9	e	tag394
691.282448	0.0001	1	1	1	0	1	11	f	1	0	0	0	1	10	e	tag395
692.020018	0.0001	1	1	1	0	1	12	e	1	0	0	0	1	11	e	tag396
692.757768	0.0001	1	1	1	0	1	13	f	1	0	0	0	1	12	e	tag397
693.495693	0.0001	1	1	1	0	1	14	e	1	0	0	0	1	13	e	tag398
694.233787	0.0001	1	1	1	0	1	15	f	1	0	0	0	1	14	e	tag399
694.972044	0.0001	1	1	1	0	1	16	e	1	0	0	0	1	15	e	tag400
695.710459	0.0001	1	1	1	0	1	17	f	1	0	0	0	1	16	e	tag401
696.449024	0.0001	1	1	1	0	1	18	e	1	0	0	0	1	17	e	tag402
697.187733	0.0001	1	1	1	0	1	19	f	1	0	0	0	1	18	e	tag403
697.92658	0.0001	1	1	1	0	1	20	e	1	0	0	0	1	19	e	tag404
698.665556	0.0001	1	1	1	0	1	21	f	1	0	0	0	1	20	e	tag405
699.404655	0.0001	1	1	1	0	1	22	e	1	0	0	0	1	21	e	tag406
700.14387	0.0001	1	1	1	0	1	23	f	1	0	0	0	1	22	e	tag407
700.883192	0.0001	1	1	1	0	1	24	e	1	0	0	0	1	23	e	tag408
701.622613	0.0001	1	1	1	0	1	25	f	1	0	0	0	1	24	e	tag409
702.362125	0.0001	1	1	1	0	1	26	e	1	0	0	0	1	25	e	tag410
703.101719	0.0001	1	1	1	0	1	27	f	1	0	0	0	1	26	e	tag411
703.841388	0.0001	1	1	1	0	1	28	e	1	0	0	0	1	27	e	tag412
704.581121	0.0001	1	1	1	0	1	29	f	1	0	0	0	1	28	e	tag413
705.320909	0.0001	1	1	1	0	1	30	e	1	0	0	0	1	29	e	tag414
706.060744	0.0001	1	1	1	0	1	31	f	1	0	0	0	1	30	e	tag415
706.800615	0.0001	1	1	1	0	1	32	e	1	0	0	0	1	31	e	tag416
707.540512	0.0001	1	1	1	0	1	33	f	1	0	0	0	1	32	e	tag417
708.280425	0.0001	1	1	1	0	1	34	e	1	0	0	0	1	33	e	tag418
709.020343	0.0001	1	1	1	0	1	35	f	1	0	0	0	1	34	e	tag419
709.760256	0.0001	1	1	1	0	1	36	e	1	0	0	0	1	35	e	tag420
710.500154	0.0001	1	1	1	0	1	37	f	1	0	0	0	1	36	e	tag421
711.240024	0.0001	1	1	1	0	1	38	e	1	0	0	0	1	37	e	tag422
711.979855	0.0001	1	1	1	0	1	39	f	1	0	0	0	1	38	e	tag423
712.719636	0.0001	1	1	1	0	1	40	e	1	0	0	0	1	39	e	tag424
713.459354	0.0001	1	1	1	0	1	41	f	1	0	0	0	1	40	e	tag425
714.198997	0.0001	1	1	1	0	1	42	e	1	0	0	0	1	41	e	tag426
714.938554	0.0001	1	1	1	0	1	43	f	1	0	0	0	1	42	e	tag427
715.678011	0.0001	1	1	1	0	1	44	e	1	0	0	0	1	43	e	tag428
716.417355	0.0001	1	1	1	0	1	45	f	1	0	0	0	1	44	e	tag429
717.156573	0.0001	1	1	1	0	1	46	e	1	0	0	0	1	45	e	tag430
717.895651	0.0001	1	1	1	0	1	47	f	1	0	0	0	1	46	e	tag431
718.634577	0.0001	1	1	1	0	1	48	e	1	0	0	0	1	47	e	tag432
719.373335	0.0001	1	1	1	0	1	49	f	1	0	0	0	1	48	e	tag433
720.111912	0.0001	1	1	1	0	1	50	e	1	0	0	0	1	49	e	tag434
720.850293	0.0001	1	1	1	0	1	51	f	1	0	0	0	1	50	e	tag435
721.588464	0.0001	1	1	1	0	1	52	e	1	0	0	0	1	51	e	tag436
790.013538	0.0001	1	1	1	0	1	9	e	1	0	0	0	2	9	e	tag437
790.072648	0.0001	1	1	1	0	1	11	e	1	0	0	0	2	11	e	tag438
790.143145	0.0001	1	1	1	0	1	13	e	1	0	0	0	2	13	e	tag439
790.225098	0.0001	1	1	1	0	1	15	e	1	0	0	0	2	15	e	tag440
790.318583	0.0001	1	1	1	0	1	17	e	1	0	0	0	2	17	e	tag441
790.423689	0.0001	1	1	1	0	1	19	e	1	0	0	0	2	19	e	tag442
790.540515	0.0001	1	1	1	0	1	21	e	1	0	0	0	2	21	e	tag443
790.669169	0.0001	1	1	1	0	1	23	e	1	0	0	0	2	23	e	tag444
790.809771	0.0001	1	1	1	0	1	25	e	1	0	0	0	2	25	e	tag445
2247.907641	0.0001	1	0	0	1	1	64	e	1	0	0	0	1	65	e	tag446
2248.765959	0.0001	1	0	0	1	2	66	e	1	0	0	0	2	67	e	tag447
2250.110731	0.0001	1	0	0	1	1	62	e	1	0	0	0	1	63	e	tag448
2250.958388	0.0001	1	0	0	1	2	64	e	1	0	0	0	2	65	e	tag449
2251.20377	0.0001	1	0	0	1	1	61	f	1	0	0	0	1	62	e	tag450
2252.046418	0.0001	1	0	0	1	2	63	f	1	0	0	0	2	64	e	tag451
2252.291133	0.0001	1	0	0	1	1	60	e	1	0	0	0	1	61	e	tag452
2253.128989	0.0001	1	0	0	1	2	62	e	1	0	0	0	2	63	e	tag453
2253.266275	0.0001	1	1	1	1	2	50	f	1	1	1	0	2	51	f	tag454
2253.372819	0.0001	1	0	0	1	1	59	f	1	0	0	0	1	60	e	tag455
2254.2061	0.0001	1	0	0	1	2	61	f	1	0	0	0	2	62	e	tag456
2254.390461	0.0001	1	1	1	1	2	49	f	1	1	1	0	2	50	e	tag457
2254.448822	0.0001	1	0	0	1	1	58	e	1	0	0	0	1	59	e	tag458
2255.277748	0.0001	1	0	0	1	2	60	e	1	0	0	0	2	61	e	tag459
2255.288145	0.0001	1	1	1	1	2	48	f	1	1	1	0	2	49	f	tag460
2255.395684	0.0001	1	1	1	1	2	48	e	1	1	1	0	2	49	e	tag461
2255.51914	0.0001	1	0	0	1	1	57	f	1	0	0	0	1	58	e	tag462
2255.618495	0.0001	1	1	1	1	1	45	f	1	1	1	0	1	46	e	tag463
2256.290874	0.0001	1	1	1	1	2	47	e	1	1	1	0	2	48	f	tag464
2256.343933	0.0001	1	0	0	1	2	59	f	1	0	0	0	2	60	e	tag465
2256.39548	0.0001	1	1	1	1	2	47	f	1	1	1	0	2	48	e	tag466
2256.434194	0.0001	1	1	1	1	1	44	f	1	1	1	0	1	45	f	tag467
2256.583768	0.0001	1	0	0	1	1	56	e	1	0	0	0	1	57	e	tag468
2257.288129	0.0001	1	1	1	1	2	46	f	1	1	1	0	2	47	f	tag469
2257.389844	0.0001	1	1	1	1	2	46	e	1	1	1	0	2	47	e	tag470
2257.404652	0.0001	1	0	0	1	2	58	e	1	0	0	0	2	59	e	tag471
2257.424539	0.0001	1	1	1	1	1	43	e	1	1	1	0	1	44	f	tag472
2257.592602	0.0001	1	1	1	1	1	43	f	1	1	1	0	1	44	e	tag473
2257.642704	0.0001	1	0	0	1	1	55	f	1	0	0	0	1	56	e	tag474
2258.279907	0.0001	1	1	1	1	2	45	e	1	1	1	0	2	46	f	tag475
2258.378771	0.0001	1	1	1	1	2	45	f	1	1	1	0	2	46	e	tag476
2258.409197	0.0001	1	1	1	1	1	42	f	1	1	1	0	1	43	f	tag477
2258.459903	0.0001	1	0	0	1	2	57	f	1	0	0	0	2	58	e	tag478
2258.571285	0.0001	1	1	1	1	1	42	e	1	1	1	0	1	43	e	tag479
2258.695944	0.0001	1	0	0	1	1	54	e	1	0	0	0	1	55	e	tag480
2259.266205	0.0001	1	1	1	1	2	44	f	1	1	1	0	2	45	f	tag481
2259.362258	0.0001	1	1	1	1	2	44	e	1	1	1	0	2	45	e	tag482
2259.388164	0.0001	1	1	1	1	1	41	e	1	1	1	0	1	42	f	tag483
2259.509685	0.0001	1	0	0	1	2	56	e	1	0	0	0	2	57	e	tag484
2259.544384	0.0001	1	1	1	1	1	41	f	1	1	1	0	1	42	e	tag485
2259.743485	0.0001	1	0	0	1	1	53	f	1	0	0	0	1	54	e	tag486
2260.24702	0.0001	1	1	1	1	2	43	e	1	1	1	0	2	44	f	tag487
2260.340301	0.0001	1	1	1	1	2	43	f	1	1	1	0	2	44	e	tag488
2260.361437	0.0001	1	1	1	1	1	40	f	1	1	1	0	1	41	f	tag489
2260.511894	0.0001	1	1	1	1	1	40	e	1	1	1	0	1	41	e	tag490
2260.553996	0.0001	1	0	0	1	2	55	f	1	0	0	0	2	56	e	tag491
2260.785323	0.0001	1	0	0	1	1	52	e	1	0	0	0	1	53	e	tag492
2261.22235	0.0001	1	1	1	1	2	42	f	1	1	1	0	2	43	f	tag493
2261.312896	0.0001	1	1	1	1	2	42	e	1	1	1	0	2	43	e	tag494
2261.329012	0.0001	1	1	1	1	1	39	e	1	1	1	0	1	40	f	tag495
2261.473811	0.0001	1	1	1	1	1	39	f	1	1	1	0	1	40	e	tag496
2261.592834	0.0001	1	0	0	1	2	54	e	1	0	0	0	2	55	e	tag497
2261.821454	0.0001	1	0	0	1	1	51	f	1	0	0	0	1	52	e	tag498
2262.192192	0.0001	1	1	1	1	2	41	e	1	1	1	0	2	42	f	tag499
2262.280038	0.0001	1	1	1	1	2	41	f	1	1	1	0	2	42	e	tag500
2262.290886	0.0001	1	1	1	1	1	38	f	1	1	1	0	1	39	f	tag501
2262.430131	0.0001	1	1	1	1	1	38	e	1	1	1	0	1	39	e	tag502
2262.626197	0.0001	1	0	0	1	2	53	f	1	0	0	0	2	54	e	tag503
2262.851876	0.0001	1	0	0	1	1	50	e	1	0	0	0	1	51	e	tag504
2263.156542	0.0001	1	1	1	1	2	40	f	1	1	1	0	2	41	f	tag505
2263.241723	0.0001	1	1	1	1	2	40	e	1	1	1	0	2	41	e	tag506
2263.247055	0.0001	1	1	1	1	1	37	e	1	1	1	0	1	38	f	tag507
2263.38085	0.0001	1	1	1	1	1	37	f	1	1	1	0	1	38	e	tag508
2263.654084	0.0001	1	0	0	1	2	52	e	1	0	0	0	2	53	e	tag509
2263.876585	0.0001	1	0	0	1	1	49	f	1	0	0	0	1	50	e	tag510
2264.115398	0.0001	1	1	1	1	2	39	e	1	1	1	0	2	40	f	tag511
2264.197516	0.0001	1	1	1	1	1	36	f	1	1	1	0	1	37	f	tag512
2264.197949	0.0001	1	1	1	1	2	39	f	1	1	1	0	2	40	e	tag513
2264.325965	0.0001	1	1	1	1	1	36	e	1	1	1	0	1	37	e	tag514
2264.676492	0.0001	1	0	0	1	2	51	f	1	0	0	0	2	52	e	tag515
2264.895578	0.0001	1	0	0	1	1	48	e	1	0	0	0	1	49	e	tag516
2265.068757	0.0001	1	1	1	1	2	38	f	1	1	1	0	2	39	f	tag517
2265.142265	0.0001	1	1	1	1	1	35	e	1	1	1	0	1	36	f	tag518
2265.148712	0.0001	1	1	1	1	2	38	e	1	1	1	0	2	39	e	tag519
2265.26547	0.0001	1	1	1	1	1	35	f	1	1	1	0	1	36	e	tag520
2265.693419	0.0001	1	0	0	1	2	50	e	1	0	0	0	2	51	e	tag521
2265.90885	0.0001	1	0	0	1	1	47	f	1	0	0	0	1	48	e	tag522
2266.016616	0.0001	1	1	1	1	2	37	e	1	1	1	0	2	38	f	tag523
2266.081299	0.0001	1	1	1	1	1	34	f	1	1	1	0	1	35	f	tag524
2266.094006	0.0001	1	1	1	1	2	37	f	1	1	1	0	2	38	e	tag525
2266.199364	0.0001	1	1	1	1	1	34	e	1	1	1	0	1	35	e	tag526
2266.704864	0.0001	1	0	0	1	2	49	f	1	0	0	0	2	50	e	tag527
2266.9164	0.0001	1	0	0	1	1	46	e	1	0	0	0	1	47	e	tag528
2266.958972	0.0001	1	1	1	1	2	36	f	1	1	1	0	2	37	f	tag529
2267.014615	0.0001	1	1	1	1	1	33	e	1	1	1	0	1	34	f	tag530
2267.033831	0.0001	1	1	1	1	2	36	e	1	1	1	0	2	37	e	tag531
2267.127641	0.0001	1	1	1	1	1	33	f	1	1	1	0	1	34	e	tag532
2267.710824	0.0001	1	0	0	1	2	48	e	1	0	0	0	2	49	e	tag533
2267.895823	0.0001	1	1	1	1	2	35	e	1	1	1	0	2	36	f	tag534
2267.918222	0.0001	1	0	0	1	1	45	f	1	0	0	0	1	46	e	tag535
2267.942209	0.0001	1	1	1	1	1	32	f	1	1	1	0	1	33	f	tag536
2267.96818	0.0001	1	1	1	1	2	35	f	1	1	1	0	2	36	e	tag537
2268.050298	0.0001	1	1	1	1	1	32	e	1	1	1	0	1	33	e	tag538
2268.711298	0.0001	1	0	0	1	2	47	f	1	0	0	0	2	48	e	tag539
2268.827165	0.0001	1	1	1	1	2	34	f	1	1	1	0	2	35	f	tag540
2268.864078	0.0001	1	1	1	1	1	31	e	1	1	1	0	1	32	f	tag541
2268.897052	0.0001	1	1	1	1	2	34	e	1	1	1	0	2	35	e	tag542
2268.914315	0.0001	1	0	0	1	1	44	e	1	0	0	0	1	45	e	tag543
2268.967331	0.0001	1	1	1	1	1	31	f	1	1	1	0	1	32	e	tag544
2269.706284	0.0001	1	0	0	1	2	46	e	1	0	0	0	2	47	e	tag545
2269.752995	0.0001	1	1	1	1	2	33	e	1	1	1	0	2	34	f	tag546
2269.780218	0.0001	1	1	1	1	1	30	f	1	1	1	0	1	31	f	tag547
2269.820441	0.0001	1	1	1	1	2	33	f	1	1	1	0	2	34	e	tag548
2269.878737	0.0001	1	1	1	1	1	30	e	1	1	1	0	1	31	e	tag549
2269.904675	0.0001	1	0	0	1	1	43	f	1	0	0	0	1	44	e	tag550
2270.673312	0.0001	1	1	1	1	2	32	f	1	1	1	0	2	33	f	tag551
2270.690627	0.0001	1	1	1	1	1	29	e	1	1	1	0	1	30	f	tag552
2270.695778	0.0001	1	0	0	1	2	45	f	1	0	0	0	2	46	e	tag553
2270.738346	0.0001	1	1	1	1	2	32	e	1	1	1	0	2	33	e	tag554
2270.784512	0.0001	1	1	1	1	1	29	f	1	1	1	0	1	30	e	tag555
2270.889298	0.0001	1	0	0	1	1	42	e	1	0	0	0	1	43	e	tag556
2271.58811	0.0001	1	1	1	1	2	31	e	1	1	1	0	2	32	f	tag557
2271.595301	0.0001	1	1	1	1	1	28	f	1	1	1	0	1	29	f	tag558
2271.650763	0.0001	1	1	1	1	2	31	f	1	1	1	0	2	32	e	tag559
2271.67978	0.0001	1	0	0	1	2	44	e	1	0	0	0	2	45	e	tag560
2271.684652	0.0001	1	1	1	1	1	28	e	1	1	1	0	1	29	e	tag561
2271.868182	0.0001	1	0	0	1	1	41	f	1	0	0	0	1	42	e	tag562
2272.407514	0.0001	1	2	2	1	2	16	e	1	2	2	0	2	17	e	tag563
2272.494237	0.0001	1	1	1	1	1	27	e	1	1	1	0	1	28	f	tag564
2272.497389	0.0001	1	1	1	1	2	30	f	1	1	1	0	2	31	f	tag565
2272.557687	0.0001	1	1	1	1	2	30	e	1	1	1	0	2	31	e	tag566
2272.579153	0.0001	1	1	1	1	1	27	f	1	1	1	0	1	28	e	tag567
2272.658287	0.0001	1	0	0	1	2	43	f	1	0	0	0	2	44	e	tag568
2272.841322	0.0001	1	0	0	1	1	40	e	1	0	0	0	1	41	e	tag569
2273.231993	0.0001	1	2	2	1	2	15	e	1	2	2	0	2	16	f	tag570
2273.387431	0.0001	1	1	1	1	1	26	f	1	1	1	0	1	27	f	tag571
2273.401144	0.0001	1	1	1	1	2	29	e	1	1	1	0	2	30	f	tag572
2273.459116	0.0001	1	1	1	1	2	29	f	1	1	1	0	2	30	e	tag573
2273.468013	0.0001	1	1	1	1	1	26	e	1	1	1	0	1	27	e	tag574
2273.631298	0.0001	1	0	0	1	2	42	e	1	0	0	0	2	43	e	tag575
2273.808716	0.0001	1	0	0	1	1	39	f	1	0	0	0	1	40	e	tag576
2274.274881	0.0001	1	1	1	1	1	25	e	1	1	1	0	1	26	f	tag577
2274.299373	0.0001	1	1	1	1	2	28	f	1	1	1	0	2	29	f	tag578
2274.351227	0.0001	1	1	1	1	1	25	f	1	1	1	0	1	26	e	tag579
2274.355047	0.0001	1	1	1	1	2	28	e	1	1	1	0	2	29	e	tag580
2274.598809	0.0001	1	0	0	1	2	41	f	1	0	0	0	2	42	e	tag581
2274.77036	0.0001	1	0	0	1	1	38	e	1	0	0	0	1	39	e	tag582
2275.156584	0.0001	1	1	1	1	1	24	f	1	1	1	0	1	25	f	tag583
2275.192072	0.0001	1	1	1	1	2	27	e	1	1	1	0	2	28	f	tag584
2275.228792	0.0001	1	1	1	1	1	24	e	1	1	1	0	1	25	e	tag585
2275.245475	0.0001	1	1	1	1	2	27	f	1	1	1	0	2	28	e	tag586
2275.560818	0.0001	1	0	0	1	2	40	e	1	0	0	0	2	41	e	tag587
2275.726251	0.0001	1	0	0	1	1	37	f	1	0	0	0	1	38	e	tag588
2276.032535	0.0001	1	1	1	1	1	23	e	1	1	1	0	1	24	f	tag589
2276.07924	0.0001	1	1	1	1	2	26	f	1	1	1	0	2	27	f	tag590
2276.100704	0.0001	1	1	1	1	1	23	f	1	1	1	0	1	24	e	tag591
2276.130398	0.0001	1	1	1	1	2	26	e	1	1	1	0	2	27	e	tag592
2276.517325	0.0001	1	0	0	1	2	39	f	1	0	0	0	2	40	e	tag593
2276.676386	0.0001	1	0	0	1	1	36	e	1	0	0	0	1	37	e	tag594
2276.902733	0.0001	1	1	1	1	1	22	f	1	1	1	0	1	23	f	tag595
2276.960872	0.0001	1	1	1	1	2	25	e	1	1	1	0	2	26	f	tag596
2276.966961	0.0001	1	1	1	1	1	22	e	1	1	1	0	1	23	e	tag597
2277.009812	0.0001	1	1	1	1	2	25	f	1	1	1	0	2	26	e	tag598
2277.468325	0.0001	1	0	0	1	2	38	e	1	0	0	0	2	39	e	tag599
2277.620762	0.0001	1	0	0	1	1	35	f	1	0	0	0	1	36	e	tag600
2277.767174	0.0001	1	1	1	1	1	21	e	1	1	1	0	1	22	f	tag601
2277.827558	0.0001	1	1	1	1	1	21	f	1	1	1	0	1	22	e	tag602
2277.836966	0.0001	1	1	1	1	2	24	f	1	1	1	0	2	25	f	tag603
2277.883715	0.0001	1	1	1	1	2	24	e	1	1	1	0	2	25	e	tag604
2278.413818	0.0001	1	0	0	1	2	37	f	1	0	0	0	2	38	e	tag605
2278.559376	0.0001	1	0	0	1	1	34	e	1	0	0	0	1	35	e	tag606
2278.625854	0.0001	1	1	1	1	1	20	f	1	1	1	0	1	21	f	tag607
2278.682493	0.0001	1	1	1	1	1	20	e	1	1	1	0	1	21	e	tag608
2278.707519	0.0001	1	1	1	1	2	23	e	1	1	1	0	2	24	f	tag609
2278.752102	0.0001	1	1	1	1	2	23	f	1	1	1	0	2	24	e	tag610
2279.3538	0.0001	1	0	0	1	2	36	e	1	0	0	0	2	37	e	tag611
2279.478772	0.0001	1	1	1	1	1	19	e	1	1	1	0	1	20	f	tag612
2279.492224	0.0001	1	0	0	1	1	33	f	1	0	0	0	1	34	e	tag613
2279.531761	0.0001	1	1	1	1	1	19	f	1	1	1	0	1	20	e	tag614
2279.572527	0.0001	1	1	1	1	2	22	f	1	1	1	0	2	23	f	tag615
2279.61497	0.0001	1	1	1	1	2	22	e	1	1	1	0	2	23	e	tag616
2280.288269	0.0001	1	0	0	1	2	35	f	1	0	0	0	2	36	e	tag617
2280.325923	0.0001	1	1	1	1	1	18	f	1	1	1	0	1	19	f	tag618
2280.37536	0.0001	1	1	1	1	1	18	e	1	1	1	0	1	19	e	tag619
2280.419302	0.0001	1	0	0	1	1	32	e	1	0	0	0	1	33	e	tag620
2280.431988	0.0001	1	1	1	1	2	21	e	1	1	1	0	2	22	f	tag621
2280.472316	0.0001	1	1	1	1	2	21	f	1	1	1	0	2	22	e	tag622
2281.167305	0.0001	1	1	1	1	1	17	e	1	1	1	0	1	18	f	tag623
2281.213286	0.0001	1	1	1	1	1	17	f	1	1	1	0	1	18	e	tag624
2281.217224	0.0001	1	0	0	1	2	34	e	1	0	0	0	2	35	e	tag625
2281.285899	0.0001	1	1	1	1	2	20	f	1	1	1	0	2	21	f	tag626
2281.324137	0.0001	1	1	1	1	2	20	e	1	1	1	0	2	21	e	tag627
2281.340609	0.0001	1	0	0	1	1	31	f	1	0	0	0	1	32	e	tag628
2282.002915	0.0001	1	1	1	1	1	16	f	1	1	1	0	1	17	f	tag629
2282.045537	0.0001	1	1	1	1	1	16	e	1	1	1	0	1	17	e	tag630
2282.134256	0.0001	1	1	1	1	2	19	e	1	1	1	0	2	20	f	tag631
2282.140661	0.0001	1	0	0	1	2	33	f	1	0	0	0	2	34	e	tag632
2282.17043	0.0001	1	1	1	1	2	19	f	1	1	1	0	2	20	e	tag633
2282.256141	0.0001	1	0	0	1	1	30	e	1	0	0	0	1	31	e	tag634
2282.83275	0.0001	1	1	1	1	1	15	e	1	1	1	0	1	16	f	tag635
2282.872108	0.0001	1	1	1	1	1	15	f	1	1	1	0	1	16	e	tag636
2282.977057	0.0001	1	1	1	1	2	18	f	1	1	1	0	2	19	f	tag637
2283.011191	0.0001	1	1	1	1	2	18	e	1	1	1	0	2	19	e	tag638
2283.058578	0.0001	1	0	0	1	2	32	e	1	0	0	0	2	33	e	tag639
2283.165895	0.0001	1	0	0	1	1	29	f	1	0	0	0	1	30	e	tag640
2283.656807	0.0001	1	1	1	1	1	14	f	1	1	1	0	1	15	f	tag641
2283.692997	0.0001	1	1	1	1	1	14	e	1	1	1	0	1	15	e	tag642
2283.814298	0.0001	1	1	1	1	2	17	e	1	1	1	0	2	18	f	tag643
2283.846418	0.0001	1	1	1	1	2	17	f	1	1	1	0	2	18	e	tag644
2283.970973	0.0001	1	0	0	1	2	31	f	1	0	0	0	2	32	e	tag645
2284.069867	0.0001	1	0	0	1	1	28	e	1	0	0	0	1	29	e	tag646
2284.475083	0.0001	1	1	1	1	1	13	e	1	1	1	0	1	14	f	tag647
2284.5082	0.0001	1	1	1	1	1	13	f	1	1	1	0	1	14	e	tag648
2284.645977	0.0001	1	1	1	1	2	16	f	1	1	1	0	2	17	f	tag649
2284.676106	0.0001	1	1	1	1	2	16	e	1	1	1	0	2	17	e	tag650
2284.877843	0.0001	1	0	0	1	2	30	e	1	0	0	0	2	31	e	tag651
2284.968056	0.0001	1	0	0	1	1	27	f	1	0	0	0	1	28	e	tag652
2285.287575	0.0001	1	1	1	1	1	12	f	1	1	1	0	1	13	f	tag653
2285.317715	0.0001	1	1	1	1	1	12	e	1	1	1	0	1	13	e	tag654
2285.472089	0.0001	1	1	1	1	2	15	e	1	1	1	0	2	16	f	tag655
2285.500252	0.0001	1	1	1	1	2	15	f	1	1	1	0	2	16	e	tag656
2285.779187	0.0001	1	0	0	1	2	29	f	1	0	0	0	2	30	e	tag657
2285.860456	0.0001	1	0	0	1	1	26	e	1	0	0	0	1	27	e	tag658
2286.094281	0.0001	1	1	1	1	1	11	e	1	1	1	0	1	12	f	tag659
2286.121537	0.0001	1	1	1	1	1	11	f	1	1	1	0	1	12	e	tag660
2286.292633	0.0001	1	1	1	1	2	14	f	1	1	1	0	2	15	f	tag661
2286.318855	0.0001	1	1	1	1	2	14	e	1	1	1	0	2	15	e	tag662
2286.675	0.0001	1	0	0	1	2	28	e	1	0	0	0	2	29	e	tag663
2286.747067	0.0001	1	0	0	1	1	25	f	1	0	0	0	1	26	e	tag664
2286.895197	0.0001	1	1	1	1	1	10	f	1	1	1	0	1	11	f	tag665
2286.919665	0.0001	1	1	1	1	1	10	e	1	1	1	0	1	11	e	tag666
2287.107605	0.0001	1	1	1	1	2	13	e	1	1	1	0	2	14	f	tag667
2287.131909	0.0001	1	1	1	1	2	13	f	1	1	1	0	2	14	e	tag668
2287.565282	0.0001	1	0	0	1	2	27	f	1	0	0	0	2	28	e	tag669
2287.627883	0.0001	1	0	0	1	1	24	e	1	0	0	0	1	25	e	tag670
2287.69032	0.0001	1	1	1	1	1	9	e	1	1	1	0	1	10	f	tag671
2287.712096	0.0001	1	1	1	1	1	9	f	1	1	1	0	1	10	e	tag672
2287.917002	0.0001	1	1	1	1	2	12	f	1	1	1	0	2	13	f	tag673
2287.939412	0.0001	1	1	1	1	2	12	e	1	1	1	0	2	13	e	tag674
2288.450028	0.0001	1	0	0	1	2	26	e	1	0	0	0	2	27	e	tag675
2288.479649	0.0001	1	1	1	1	1	8	f	1	1	1	0	1	9	f	tag676
2288.498825	0.0001	1	1	1	1	1	8	e	1	1	1	0	1	9	e	tag677
2288.502904	0.0001	1	0	0	1	1	23	f	1	0	0	0	1	24	e	tag678
2288.72082	0.0001	1	1	1	1	2	11	e	1	1	1	0	2	12	f	tag679
2288.741362	0.0001	1	1	1	1	2	11	f	1	1	1	0	2	12	e	tag680
2289.26318	0.0001	1	1	1	1	1	7	e	1	1	1	0	1	8	f	tag681
2289.279851	0.0001	1	1	1	1	1	7	f	1	1	1	0	1	8	e	tag682
2289.329238	0.0001	1	0	0	1	2	25	f	1	0	0	0	2	26	e	tag683
2289.372125	0.0001	1	0	0	1	1	22	e	1	0	0	0	1	23	e	tag684
2289.519057	0.0001	1	1	1	1	2	10	f	1	1	1	0	2	11	f	tag685
2289.537754	0.0001	1	1	1	1	2	10	e	1	1	1	0	2	11	e	tag686
2290.04091	0.0001	1	1	1	1	1	6	f	1	1	1	0	1	7	f	tag687
2290.055169	0.0001	1	1	1	1	1	6	e	1	1	1	0	1	7	e	tag688
2290.202907	0.0001	1	0	0	1	2	24	e	1	0	0	0	2	25	e	tag689
2290.235544	0.0001	1	0	0	1	1	21	f	1	0	0	0	1	22	e	tag690
2290.311709	0.0001	1	1	1	1	2	9	e	1	1	1	0	2	10	f	tag691
2290.328585	0.0001	1	1	1	1	2	9	f	1	1	1	0	2	10	e	tag692
2290.812836	0.0001	1	1	1	1	1	5	e	1	1	1	0	1	6	f	tag693
2290.824779	0.0001	1	1	1	1	1	5	f	1	1	1	0	1	6	e	tag694
2291.071034	0.0001	1	0	0	1	2	23	f	1	0	0	0	2	24	e	tag695
2291.093157	0.0001	1	0	0	1	1	20	e	1	0	0	0	1	21	e	tag696
2291.098773	0.0001	1	1	1	1	2	8	f	1	1	1	0	2	9	f	tag697
2291.113853	0.0001	1	1	1	1	2	8	e	1	1	1	0	2	9	e	tag698
2291.578957	0.0001	1	1	1	1	1	4	f	1	1	1	0	1	5	f	tag699
2291.588675	0.0001	1	1	1	1	1	4	e	1	1	1	0	1	5	e	tag700
2291.880246	0.0001	1	1	1	1	2	7	e	1	1	1	0	2	8	f	tag701
2291.893553	0.0001	1	1	1	1	2	7	f	1	1	1	0	2	8	e	tag702
2291.933616	0.0001	1	0	0	1	2	22	e	1	0	0	0	2	23	e	tag703
2291.944963	0.0001	1	0	0	1	1	19	f	1	0	0	0	1	20	e	tag704
2292.339268	0.0001	1	1	1	1	1	3	e	1	1	1	0	1	4	f	tag705
2292.346857	0.0001	1	1	1	1	1	3	f	1	1	1	0	1	4	e	tag706
2292.656125	0.0001	1	1	1	1	2	6	f	1	1	1	0	2	7	f	tag707
2292.667684	0.0001	1	1	1	1	2	6	e	1	1	1	0	2	7	e	tag708
2292.79065	0.0001	1	0	0	1	2	21	f	1	0	0	0	2	22	e	tag709
2292.790957	0.0001	1	0	0	1	1	18	e	1	0	0	0	1	19	e	tag710
2293.093768	0.0001	1	1	1	1	1	2	f	1	1	1	0	1	3	f	tag711
2293.09932	0.0001	1	1	1	1	1	2	e	1	1	1	0	1	3	e	tag712
2293.426407	0.0001	1	1	1	1	2	5	e	1	1	1	0	2	6	f	tag713
2293.436241	0.0001	1	1	1	1	2	5	f	1	1	1	0	2	6	e	tag714
2293.631137	0.0001	1	0	0	1	1	17	f	1	0	0	0	1	18	e	tag715
2293.642133	0.0001	1	0	0	1	2	20	e	1	0	0	0	2	21	e	tag716
2293.842454	0.0001	1	1	1	1	1	1	e	1	1	1	0	1	2	f	tag717
2293.846062	0.0001	1	1	1	1	1	1	f	1	1	1	0	1	2	e	tag718
2294.191088	0.0001	1	1	1	1	2	4	f	1	1	1	0	2	5	f	tag719
2294.199222	0.0001	1	1	1	1	2	4	e	1	1	1	0	2	5	e	tag720
2294.465501	0.0001	1	0	0	1	1	16	e	1	0	0	0	1	17	e	tag721
2294.488063	0.0001	1	0	0	1	2	19	f	1	0	0	0	2	20	e	tag722
2294.950165	0.0001	1	1	1	1	2	3	e	1	1	1	0	2	4	f	tag723
2294.956623	0.0001	1	1	1	1	2	3	f	1	1	1	0	2	4	e	tag724
2295.294045	0.0001	1	0	0	1	1	15	f	1	0	0	0	1	16	e	tag725
2295.314887	0.0001	1	1	1	1	1	1	f	1	1	1	0	1	1	f	tag726
2295.318309	0.0001	1	1	1	1	1	1	e	1	1	1	0	1	1	e	tag727
2295.328436	0.0001	1	0	0	1	2	18	e	1	0	0	0	2	19	e	tag728
2295.429952	0.0001	1	2	2	1	2	14	e	1	2	2	0	2	13	e	tag729
2295.703635	0.0001	1	1	1	1	2	2	f	1	1	1	0	2	3	f	tag730
2295.708442	0.0001	1	1	1	1	2	2	e	1	1	1	0	2	3	e	tag731
2296.084565	0.0001	1	2	2	1	2	15	e	1	2	2	0	2	14	f	tag732
2296.116767	0.0001	1	0	0	1	1	14	e	1	0	0	0	1	15	e	tag733
2296.163251	0.0001	1	0	0	1	2	17	f	1	0	0	0	2	18	e	tag734
2296.451494	0.0001	1	1	1	1	2	1	e	1	1	1	0	2	2	f	tag735
2296.454674	0.0001	1	1	1	1	2	1	f	1	1	1	0	2	2	e	tag736
2296.734012	0.0001	1	2	2	1	2	16	e	1	2	2	0	2	15	e	tag737
2296.775768	0.0001	1	1	1	1	1	2	e	1	1	1	0	1	1	e	tag738
2296.779004	0.0001	1	1	1	1	1	2	f	1	1	1	0	1	1	f	tag739
2296.933663	0.0001	1	0	0	1	1	13	f	1	0	0	0	1	14	e	tag740
2296.992504	0.0001	1	0	0	1	2	16	e	1	0	0	0	2	17	e	tag741
2297.377836	0.0001	1	2	2	1	2	17	e	1	2	2	0	2	16	f	tag742
2297.493865	0.0001	1	1	1	1	1	3	f	1	1	1	0	1	2	e	tag743
2297.498581	0.0001	1	1	1	1	1	3	e	1	1	1	0	1	2	f	tag744
2297.744732	0.0001	1	0	0	1	1	12	e	1	0	0	0	1	13	e	tag745
2297.816192	0.0001	1	0	0	1	2	15	f	1	0	0	0	2	16	e	tag746
2297.887332	0.0001	1	1	1	1	2	3	f	1	1	1	0	2	3	f	tag747
2297.889942	0.0001	1	1	1	1	2	4	f	1	1	1	0	2	4	e	tag748
2297.90885	0.0001	1	1	1	1	2	2	e	1	1	1	0	2	2	f	tag749
2297.918242	0.0001	1	1	1	1	2	2	f	1	1	1	0	2	2	e	tag750
2297.923196	0.0001	1	1	1	1	2	1	f	1	1	1	0	2	1	f	tag751
2297.926327	0.0001	1	1	1	1	2	1	e	1	1	1	0	2	1	e	tag752
2298.016717	0.0001	1	2	2	1	2	18	e	1	2	2	0	2	17	e	tag753
2298.206226	0.0001	1	1	1	1	1	4	e	1	1	1	0	1	3	e	tag754
2298.212327	0.0001	1	1	1	1	1	4	f	1	1	1	0	1	3	f	tag755
2298.54997	0.0001	1	0	0	1	1	11	f	1	0	0	0	1	12	e	tag756
2298.634313	0.0001	1	0	0	1	2	14	e	1	0	0	0	2	15	e	tag757
2298.649978	0.0001	1	2	2	1	2	19	e	1	2	2	0	2	18	f	tag758
2298.912847	0.0001	1	1	1	1	1	5	f	1	1	1	0	1	4	e	tag759
2298.920242	0.0001	1	1	1	1	1	5	e	1	1	1	0	1	4	f	tag760
2299.278642	0.0001	1	2	2	1	2	20	e	1	2	2	0	2	19	e	tag761
2299.349374	0.0001	1	0	0	1	1	10	e	1	0	0	0	1	11	e	tag762
2299.383683	0.0001	1	1	1	1	2	2	e	1	1	1	0	2	1	e	tag763
2299.386763	0.0001	1	1	1	1	2	2	f	1	1	1	0	2	1	f	tag764
2299.446863	0.0001	1	0	0	1	2	13	f	1	0	0	0	2	14	e	tag765
2299.613726	0.0001	1	1	1	1	1	6	e	1	1	1	0	1	5	e	tag766
2299.622322	0.0001	1	1	1	1	1	6	f	1	1	1	0	1	5	f	tag767
2299.901764	0.0001	1	2	2	1	2	21	e	1	2	2	0	2	20	f	tag768
2300.101938	0.0001	1	1	1	1	2	3	f	1	1	1	0	2	2	e	tag769
2300.106522	0.0001	1	1	1	1	2	3	e	1	1	1	0	2	2	f	tag770
2300.142943	0.0001	1	0	0	1	1	9	f	1	0	0	0	1	10	e	tag771
2300.25384	0.0001	1	0	0	1	2	12	e	1	0	0	0	2	13	e	tag772
2300.308861	0.0001	1	1	1	1	1	7	f	1	1	1	0	1	6	e	tag773
2300.318565	0.0001	1	1	1	1	1	7	e	1	1	1	0	1	6	f	tag774
2300.814589	0.0001	1	1	1	1	2	4	e	1	1	1	0	2	3	e	tag775
2300.82065	0.0001	1	1	1	1	2	4	f	1	1	1	0	2	3	f	tag776
2300.930672	0.0001	1	0	0	1	1	8	e	1	0	0	0	1	9	e	tag777
2300.998249	0.0001	1	1	1	1	1	8	e	1	1	1	0	1	7	e	tag778
2301.008968	0.0001	1	1	1	1	1	8	f	1	1	1	0	1	7	f	tag779
2301.055241	0.0001	1	0	0	1	2	11	f	1	0	0	0	2	12	e	tag780
2301.521632	0.0001	1	1	1	1	2	5	f	1	1	1	0	2	4	e	tag781
2301.529145	0.0001	1	1	1	1	2	5	e	1	1	1	0	2	4	f	tag782
2301.681887	0.0001	1	1	1	1	1	9	f	1	1	1	0	1	8	e	tag783
2301.69353	0.0001	1	1	1	1	1	9	e	1	1	1	0	1	8	f	tag784
2301.712561	0.0001	1	0	0	1	1	7	f	1	0	0	0	1	8	e	tag785
2301.851063	0.0001	1	0	0	1	2	10	e	1	0	0	0	2	11	e	tag786
2302.223064	0.0001	1	1	1	1	2	6	e	1	1	1	0	2	5	e	tag787
2302.232004	0.0001	1	1	1	1	2	6	f	1	1	1	0	2	5	f	tag788
2302.359775	0.0001	1	1	1	1	1	10	e	1	1	1	0	1	9	e	tag789
2302.372248	0.0001	1	1	1	1	1	10	f	1	1	1	0	1	9	f	tag790
2302.488605	0.0001	1	0	0	1	1	6	e	1	0	0	0	1	7	e	tag791
2302.641302	0.0001	1	0	0	1	2	9	f	1	0	0	0	2	10	e	tag792
2302.918882	0.0001	1	1	1	1	2	7	f	1	1	1	0	2	6	e	tag793
2302.929222	0.0001	1	1	1	1	2	7	e	1	1	1	0	2	6	f	tag794
2303.031908	0.0001	1	1	1	1	1	11	f	1	1	1	0	1	10	e	tag795
2303.045119	0.0001	1	1	1	1	1	11	e	1	1	1	0	1	10	f	tag796
2303.258803	0.0001	1	0	0	1	1	5	f	1	0	0	0	1	6	e	tag797
2303.425957	0.0001	1	0	0	1	2	8	e	1	0	0	0	2	9	e	tag798
2303.609083	0.0001	1	1	1	1	2	8	e	1	1	1	0	2	7	e	tag799
2303.620797	0.0001	1	1	1	1	2	8	f	1	1	1	0	2	7	f	tag800
2303.698285	0.0001	1	1	1	1	1	12	e	1	1	1	0	1	11	e	tag801
2303.712141	0.0001	1	1	1	1	1	12	f	1	1	1	0	1	11	f	tag802
2304.023151	0.0001	1	0	0	1	1	4	e	1	0	0	0	1	5	e	tag803
2304.205023	0.0001	1	0	0	1	2	7	f	1	0	0	0	2	8	e	tag804
2304.293663	0.0001	1	1	1	1	2	9	f	1	1	1	0	2	8	e	tag805
2304.306725	0.0001	1	1	1	1	2	9	e	1	1	1	0	2	8	f	tag806
2304.358903	0.0001	1	1	1	1	1	13	f	1	1	1	0	1	12	e	tag807
2304.373311	0.0001	1	1	1	1	1	13	e	1	1	1	0	1	12	f	tag808
2304.781648	0.0001	1	0	0	1	1	3	f	1	0	0	0	1	4	e	tag809
2304.972619	0.0001	1	1	1	1	2	10	e	1	1	1	0	2	9	e	tag810
2304.978497	0.0001	1	0	0	1	2	6	e	1	0	0	0	2	7	e	tag811
2304.987003	0.0001	1	1	1	1	2	10	f	1	1	1	0	2	9	f	tag812
2305.01376	0.0001	1	1	1	1	1	14	e	1	1	1	0	1	13	e	tag813
2305.028628	0.0001	1	1	1	1	1	14	f	1	1	1	0	1	13	f	tag814
2305.53429	0.0001	1	0	0	1	1	2	e	1	0	0	0	1	3	e	tag815
2305.645949	0.0001	1	1	1	1	2	11	f	1	1	1	0	2	10	e	tag816
2305.661627	0.0001	1	1	1	1	2	11	e	1	1	1	0	2	10	f	tag817
2305.662855	0.0001	1	1	1	1	1	15	f	1	1	1	0	1	14	e	tag818
2305.67809	0.0001	1	1	1	1	1	15	e	1	1	1	0	1	14	f	tag819
2305.746377	0.0001	1	0	0	1	2	5	f	1	0	0	0	2	6	e	tag820
2306.281076	0.0001	1	0	0	1	1	1	f	1	0	0	0	1	2	e	tag821
2306.306184	0.0001	1	1	1	1	1	16	e	1	1	1	0	1	15	e	tag822
2306.31365	0.0001	1	1	1	1	2	12	e	1	1	1	0	2	11	e	tag823
2306.321693	0.0001	1	1	1	1	1	16	f	1	1	1	0	1	15	f	tag824
2306.330595	0.0001	1	1	1	1	2	12	f	1	1	1	0	2	11	f	tag825
2306.50866	0.0001	1	0	0	1	2	4	e	1	0	0	0	2	5	e	tag826
2306.943746	0.0001	1	1	1	1	1	17	f	1	1	1	0	1	16	e	tag827
2306.959436	0.0001	1	1	1	1	1	17	e	1	1	1	0	1	16	f	tag828
2306.975717	0.0001	1	1	1	1	2	13	f	1	1	1	0	2	12	e	tag829
2306.993902	0.0001	1	1	1	1	2	13	e	1	1	1	0	2	12	f	tag830
2307.022002	0.0001	1	0	0	1	1	0	e	1	0	0	0	1	1	e	tag831
2307.265342	0.0001	1	0	0	1	2	3	f	1	0	0	0	2	4	e	tag832
2307.575539	0.0001	1	1	1	1	1	18	e	1	1	1	0	1	17	e	tag833
2307.591316	0.0001	1	1	1	1	1	18	f	1	1	1	0	1	17	f	tag834
2307.632149	0.0001	1	1	1	1	2	14	e	1	1	1	0	2	13	e	tag835
2307.651546	0.0001	1	1	1	1	2	14	f	1	1	1	0	2	13	f	tag836
2308.01642	0.0001	1	0	0	1	2	2	e	1	0	0	0	2	3	e	tag837
2308.20156	0.0001	1	1	1	1	1	19	f	1	1	1	0	1	18	e	tag838
2308.217331	0.0001	1	1	1	1	1	19	e	1	1	1	0	1	18	f	tag839
2308.282941	0.0001	1	1	1	1	2	15	f	1	1	1	0	2	14	e	tag840
2308.303523	0.0001	1	1	1	1	2	15	e	1	1	1	0	2	14	f	tag841
2308.486267	0.0001	1	0	0	1	1	1	f	1	0	0	0	1	0	e	tag842
2308.761892	0.0001	1	0	0	1	2	1	f	1	0	0	0	2	2	e	tag843
2308.821807	0.0001	1	1	1	1	1	20	e	1	1	1	0	1	19	e	tag844
2308.83748	0.0001	1	1	1	1	1	20	f	1	1	1	0	1	19	f	tag845
2308.928092	0.0001	1	1	1	1	2	16	e	1	1	1	0	2	15	e	tag846
2308.949829	0.0001	1	1	1	1	2	16	f	1	1	1	0	2	15	f	tag847
2309.209601	0.0001	1	0	0	1	1	2	e	1	0	0	0	1	1	e	tag848
2309.436279	0.0001	1	1	1	1	1	21	f	1	1	1	0	1	20	e	tag849
2309.45176	0.0001	1	1	1	1	1	21	e	1	1	1	0	1	20	f	tag850
2309.501752	0.0001	1	0	0	1	2	0	e	1	0	0	0	2	1	e	tag851
2309.567597	0.0001	1	1	1	1	2	17	f	1	1	1	0	2	16	e	tag852
2309.590461	0.0001	1	1	1	1	2	17	e	1	1	1	0	2	16	f	tag853
2309.927066	0.0001	1	0	0	1	1	3	f	1	0	0	0	1	2	e	tag854
2310.044974	0.0001	1	1	1	1	1	22	e	1	1	1	0	1	21	e	tag855
2310.060168	0.0001	1	1	1	1	1	22	f	1	1	1	0	1	21	f	tag856
2310.201455	0.0001	1	1	1	1	2	18	e	1	1	1	0	2	17	e	tag857
2310.225416	0.0001	1	1	1	1	2	18	f	1	1	1	0	2	17	f	tag858
2310.638659	0.0001	1	0	0	1	1	4	e	1	0	0	0	1	3	e	tag859
2310.647889	0.0001	1	1	1	1	1	23	f	1	1	1	0	1	22	e	tag860
2310.662703	0.0001	1	1	1	1	1	23	e	1	1	1	0	1	22	f	tag861
2310.829661	0.0001	1	1	1	1	2	19	f	1	1	1	0	2	18	e	tag862
2310.85469	0.0001	1	1	1	1	2	19	e	1	1	1	0	2	18	f	tag863
2310.96463	0.0001	1	0	0	1	2	1	f	1	0	0	0	2	0	e	tag864
2311.245022	0.0001	1	1	1	1	1	24	e	1	1	1	0	1	23	e	tag865
2311.259363	0.0001	1	1	1	1	1	24	f	1	1	1	0	1	23	f	tag866
2311.344379	0.0001	1	0	0	1	1	5	f	1	0	0	0	1	4	e	tag867
2311.452213	0.0001	1	1	1	1	2	20	e	1	1	1	0	2	19	e	tag868
2311.47828	0.0001	1	1	1	1	2	20	f	1	1	1	0	2	19	f	tag869
2311.687641	0.0001	1	0	0	1	2	2	e	1	0	0	0	2	1	e	tag870
2311.836372	0.0001	1	1	1	1	1	25	f	1	1	1	0	1	24	e	tag871
2311.850146	0.0001	1	1	1	1	1	25	e	1	1	1	0	1	24	f	tag872
2312.044222	0.0001	1	0	0	1	1	6	e	1	0	0	0	1	5	e	tag873
2312.069107	0.0001	1	1	1	1	2	21	f	1	1	1	0	2	20	e	tag874
2312.096183	0.0001	1	1	1	1	2	21	e	1	1	1	0	2	20	f	tag875
2312.405028	0.0001	1	0	0	1	2	3	f	1	0	0	0	2	2	e	tag876
2312.421938	0.0001	1	1	1	1	1	26	e	1	1	1	0	1	25	e	tag877
2312.435049	0.0001	1	1	1	1	1	26	f	1	1	1	0	1	25	f	tag878
2312.680342	0.0001	1	1	1	1	2	22	e	1	1	1	0	2	21	e	tag879
2312.708394	0.0001	1	1	1	1	2	22	f	1	1	1	0	2	21	f	tag880
2312.738188	0.0001	1	0	0	1	1	7	f	1	0	0	0	1	6	e	tag881
2313.001716	0.0001	1	1	1	1	1	27	f	1	1	1	0	1	26	e	tag882
2313.014071	0.0001	1	1	1	1	1	27	e	1	1	1	0	1	26	f	tag883
2313.116789	0.0001	1	0	0	1	2	4	e	1	0	0	0	2	3	e	tag884
2313.285913	0.0001	1	1	1	1	2	23	f	1	1	1	0	2	22	e	tag885
2313.314911	0.0001	1	1	1	1	2	23	e	1	1	1	0	2	22	f	tag886
2313.426272	0.0001	1	0	0	1	1	8	e	1	0	0	0	1	7	e	tag887
2313.575705	0.0001	1	1	1	1	1	28	e	1	1	1	0	1	27	e	tag888
2313.587209	0.0001	1	1	1	1	1	28	f	1	1	1	0	1	27	f	tag889
2313.82292	0.0001	1	0	0	1	2	5	f	1	0	0	0	2	4	e	tag890
2313.885818	0.0001	1	1	1	1	2	24	e	1	1	1	0	2	23	e	tag891
2313.915729	0.0001	1	1	1	1	2	24	f	1	1	1	0	2	23	f	tag892
2314.108474	0.0001	1	0	0	1	1	9	f	1	0	0	0	1	8	e	tag893
2314.143905	0.0001	1	1	1	1	1	29	f	1	1	1	0	1	28	e	tag894
2314.154462	0.0001	1	1	1	1	1	29	e	1	1	1	0	1	28	f	tag895
2314.480053	0.0001	1	1	1	1	2	25	f	1	1	1	0	2	24	e	tag896
2314.510846	0.0001	1	1	1	1	2	25	e	1	1	1	0	2	24	f	tag897
2314.523417	0.0001	1	0	0	1	2	6	e	1	0	0	0	2	5	e	tag898
2314.706312	0.0001	1	1	1	1	1	30	e	1	1	1	0	1	29	e	tag899
2314.715827	0.0001	1	1	1	1	1	30	f	1	1	1	0	1	29	f	tag900
2314.784791	0.0001	1	0	0	1	1	10	e	1	0	0	0	1	9	e	tag901
2315.068617	0.0001	1	1	1	1	2	26	e	1	1	1	0	2	25	e	tag902
2315.100258	0.0001	1	1	1	1	2	26	f	1	1	1	0	2	25	f	tag903
2315.218278	0.0001	1	0	0	1	2	7	f	1	0	0	0	2	6	e	tag904
2315.262925	0.0001	1	1	1	1	1	31	f	1	1	1	0	1	30	e	tag905
2315.271304	0.0001	1	1	1	1	1	31	e	1	1	1	0	1	30	f	tag906
2315.45522	0.0001	1	0	0	1	1	11	f	1	0	0	0	1	10	e	tag907
2315.651505	0.0001	1	1	1	1	2	27	f	1	1	1	0	2	26	e	tag908
2315.683962	0.0001	1	1	1	1	2	27	e	1	1	1	0	2	26	f	tag909
2315.813743	0.0001	1	1	1	1	1	32	e	1	1	1	0	1	31	e	tag910
2315.820889	0.0001	1	1	1	1	1	32	f	1	1	1	0	1	31	f	tag911
2315.907498	0.0001	1	0	0	1	2	8	e	1	0	0	0	2	7	e	tag912
2316.11976	0.0001	1	0	0	1	1	12	e	1	0	0	0	1	11	e	tag913
2316.228715	0.0001	1	1	1	1	2	28	e	1	1	1	0	2	27	e	tag914
2316.261953	0.0001	1	1	1	1	2	28	f	1	1	1	0	2	27	f	tag915
2316.358764	0.0001	1	1	1	1	1	33	f	1	1	1	0	1	32	e	tag916
2316.364582	0.0001	1	1	1	1	1	33	e	1	1	1	0	1	32	f	tag917
2316.591075	0.0001	1	0	0	1	2	9	f	1	0	0	0	2	8	e	tag918
2316.778408	0.0001	1	0	0	1	1	13	f	1	0	0	0	1	12	e	tag919
2316.800245	0.0001	1	1	1	1	2	29	f	1	1	1	0	2	28	e	tag920
2316.834229	0.0001	1	1	1	1	2	29	e	1	1	1	0	2	28	f	tag921
2316.897987	0.0001	1	1	1	1	1	34	e	1	1	1	0	1	33	e	tag922
2316.902379	0.0001	1	1	1	1	1	34	f	1	1	1	0	1	33	f	tag923
2317.269004	0.0001	1	0	0	1	2	10	e	1	0	0	0	2	9	e	tag924
2317.366091	0.0001	1	1	1	1	2	30	e	1	1	1	0	2	29	e	tag925
2317.400786	0.0001	1	1	1	1	2	30	f	1	1	1	0	2	29	f	tag926
2317.431162	0.0001	1	0	0	1	1	14	e	1	0	0	0	1	13	e	tag927
2317.431409	0.0001	1	1	1	1	1	35	f	1	1	1	0	1	34	e	tag928
2317.43428	0.0001	1	1	1	1	1	35	e	1	1	1	0	1	34	f	tag929
2317.926249	0.0001	1	1	1	1	2	31	f	1	1	1	0	2	30	e	tag930
2317.941283	0.0001	1	0	0	1	2	11	f	1	0	0	0	2	10	e	tag931
2317.95903	0.0001	1	1	1	1	1	36	e	1	1	1	0	1	35	e	tag932
2317.960283	0.0001	1	1	1	1	1	36	f	1	1	1	0	1	35	f	tag933
2317.961621	0.0001	1	1	1	1	2	31	e	1	1	1	0	2	30	f	tag934
2318.078021	0.0001	1	0	0	1	1	15	f	1	0	0	0	1	14	e	tag935
2318.480385	0.0001	1	1	1	1	1	37	e	1	1	1	0	1	36	f	tag936
2318.480719	0.0001	1	1	1	1	2	32	e	1	1	1	0	2	31	e	tag937
2318.480848	0.0001	1	1	1	1	1	37	f	1	1	1	0	1	36	e	tag938
2318.516729	0.0001	1	1	1	1	2	32	f	1	1	1	0	2	31	f	tag939
2318.607908	0.0001	1	0	0	1	2	12	e	1	0	0	0	2	11	e	tag940
2318.718981	0.0001	1	0	0	1	1	16	e	1	0	0	0	1	15	e	tag941
2318.994586	0.0001	1	1	1	1	1	38	f	1	1	1	0	1	37	f	tag942
2318.996862	0.0001	1	1	1	1	1	38	e	1	1	1	0	1	37	e	tag943
2319.029496	0.0001	1	1	1	1	2	33	f	1	1	1	0	2	32	e	tag944
2319.066108	0.0001	1	1	1	1	2	33	e	1	1	1	0	2	32	f	tag945
2319.268875	0.0001	1	0	0	1	2	13	f	1	0	0	0	2	12	e	tag946
2319.354042	0.0001	1	0	0	1	1	17	f	1	0	0	0	1	16	e	tag947
2319.502883	0.0001	1	1	1	1	1	39	e	1	1	1	0	1	38	f	tag948
2319.50707	0.0001	1	1	1	1	1	39	f	1	1	1	0	1	38	e	tag949
2319.572578	0.0001	1	1	1	1	2	34	e	1	1	1	0	2	33	e	tag950
2319.609753	0.0001	1	1	1	1	2	34	f	1	1	1	0	2	33	f	tag951
2319.924182	0.0001	1	0	0	1	2	14	e	1	0	0	0	2	13	e	tag952
2319.9832	0.0001	1	0	0	1	1	18	e	1	0	0	0	1	17	e	tag953
2320.005275	0.0001	1	1	1	1	1	40	f	1	1	1	0	1	39	f	tag954
2320.01147	0.0001	1	1	1	1	1	40	e	1	1	1	0	1	39	e	tag955
2320.109963	0.0001	1	1	1	1	2	35	f	1	1	1	0	2	34	e	tag956
2320.147662	0.0001	1	1	1	1	2	35	e	1	1	1	0	2	34	f	tag957
2320.501759	0.0001	1	1	1	1	1	41	e	1	1	1	0	1	40	f	tag958
2320.510063	0.0001	1	1	1	1	1	41	f	1	1	1	0	1	40	e	tag959
2320.573823	0.0001	1	0	0	1	2	15	f	1	0	0	0	2	14	e	tag960
2320.606454	0.0001	1	0	0	1	1	19	f	1	0	0	0	1	18	e	tag961
2320.641647	0.0001	1	1	1	1	2	36	e	1	1	1	0	2	35	e	tag962
2320.679831	0.0001	1	1	1	1	2	36	f	1	1	1	0	2	35	f	tag963
2320.992336	0.0001	1	1	1	1	1	42	f	1	1	1	0	1	41	f	tag964
2321.002846	0.0001	1	1	1	1	1	42	e	1	1	1	0	1	41	e	tag965
2321.167627	0.0001	1	1	1	1	2	37	f	1	1	1	0	2	36	e	tag966
2321.206256	0.0001	1	1	1	1	2	37	e	1	1	1	0	2	36	f	tag967
2321.217796	0.0001	1	0	0	1	2	16	e	1	0	0	0	2	15	e	tag968
2321.223803	0.0001	1	0	0	1	1	20	e	1	0	0	0	1	19	e	tag969
2321.477001	0.0001	1	1	1	1	1	43	e	1	1	1	0	1	42	f	tag970
2321.489817	0.0001	1	1	1	1	1	43	f	1	1	1	0	1	42	e	tag971
2321.687902	0.0001	1	1	1	1	2	38	e	1	1	1	0	2	37	e	tag972
2321.726934	0.0001	1	1	1	1	2	38	f	1	1	1	0	2	37	f	tag973
2321.835243	0.0001	1	0	0	1	1	21	f	1	0	0	0	1	20	e	tag974
2321.856097	0.0001	1	0	0	1	2	17	f	1	0	0	0	2	16	e	tag975
2321.955756	0.0001	1	1	1	1	1	44	f	1	1	1	0	1	43	f	tag976
2321.970977	0.0001	1	1	1	1	1	44	e	1	1	1	0	1	43	e	tag977
2322.202469	0.0001	1	1	1	1	2	39	f	1	1	1	0	2	38	e	tag978
2322.241861	0.0001	1	1	1	1	2	39	e	1	1	1	0	2	38	f	tag979
2322.428596	0.0001	1	1	1	1	1	45	e	1	1	1	0	1	44	f	tag980
2322.440773	0.0001	1	0	0	1	1	22	e	1	0	0	0	1	21	e	tag981
2322.446324	0.0001	1	1	1	1	1	45	f	1	1	1	0	1	44	e	tag982
2322.488723	0.0001	1	0	0	1	2	18	e	1	0	0	0	2	17	e	tag983
2322.711324	0.0001	1	1	1	1	2	40	e	1	1	1	0	2	39	e	tag984
2322.751034	0.0001	1	1	1	1	2	40	f	1	1	1	0	2	39	f	tag985
2322.895522	0.0001	1	1	1	1	1	46	f	1	1	1	0	1	45	f	tag986
2323.040391	0.0001	1	0	0	1	1	23	f	1	0	0	0	1	22	e	tag987
2323.11567	0.0001	1	0	0	1	2	19	f	1	0	0	0	2	18	e	tag988
2323.214467	0.0001	1	1	1	1	2	41	f	1	1	1	0	2	40	e	tag989
2323.254449	0.0001	1	1	1	1	2	41	e	1	1	1	0	2	40	f	tag990
2323.379573	0.0001	1	1	1	1	1	47	f	1	1	1	0	1	46	e	tag991
2323.634096	0.0001	1	0	0	1	1	24	e	1	0	0	0	1	23	e	tag992
2323.711893	0.0001	1	1	1	1	2	42	e	1	1	1	0	2	41	e	tag993
2323.736933	0.0001	1	0	0	1	2	20	e	1	0	0	0	2	19	e	tag994
2323.752102	0.0001	1	1	1	1	2	42	f	1	1	1	0	2	41	f	tag995
2323.811623	0.0001	1	1	1	1	1	48	f	1	1	1	0	1	47	f	tag996
2324.203602	0.0001	1	1	1	1	2	43	f	1	1	1	0	2	42	e	tag997
2324.221885	0.0001	1	0	0	1	1	25	f	1	0	0	0	1	24	e	tag998
2324.243991	0.0001	1	1	1	1	2	43	e	1	1	1	0	2	42	f	tag999
2324.35251	0.0001	1	0	0	1	2	21	f	1	0	0	0	2	20	e	tag1000
2324.68959	0.0001	1	1	1	1	2	44	e	1	1	1	0	2	43	e	tag1001
2324.73011	0.0001	1	1	1	1	2	44	f	1	1	1	0	2	43	f	tag1002
2324.803756	0.0001	1	0	0	1	1	26	e	1	0	0	0	1	25	e	tag1003
2324.962397	0.0001	1	0	0	1	2	22	e	1	0	0	0	2	21	e	tag1004
2325.169855	0.0001	1	1	1	1	2	45	f	1	1	1	0	2	44	e	tag1005
2325.210458	0.0001	1	1	1	1	2	45	e	1	1	1	0	2	44	f	tag1006
2325.379708	0.0001	1	0	0	1	1	27	f	1	0	0	0	1	26	e	tag1007
2325.56659	0.0001	1	0	0	1	2	23	f	1	0	0	0	2	22	e	tag1008
2325.644396	0.0001	1	1	1	1	2	46	e	1	1	1	0	2	45	e	tag1009
2325.68503	0.0001	1	1	1	1	2	46	f	1	1	1	0	2	45	f	tag1010
2325.949739	0.0001	1	0	0	1	1	28	e	1	0	0	0	1	27	e	tag1011
2326.11321	0.0001	1	1	1	1	2	47	f	1	1	1	0	2	46	e	tag1012
2326.153823	0.0001	1	1	1	1	2	47	e	1	1	1	0	2	46	f	tag1013
2326.165085	0.0001	1	0	0	1	2	24	e	1	0	0	0	2	23	e	tag1014
2326.513847	0.0001	1	0	0	1	1	29	f	1	0	0	0	1	28	e	tag1015
2326.576295	0.0001	1	1	1	1	2	48	e	1	1	1	0	2	47	e	tag1016
2326.616833	0.0001	1	1	1	1	2	48	f	1	1	1	0	2	47	f	tag1017
2326.757879	0.0001	1	0	0	1	2	25	f	1	0	0	0	2	24	e	tag1018
2327.03365	0.0001	1	1	1	1	2	49	f	1	1	1	0	2	48	e	tag1019
2327.07203	0.0001	1	0	0	1	1	30	e	1	0	0	0	1	29	e	tag1020
2327.074056	0.0001	1	1	1	1	2	49	e	1	1	1	0	2	48	f	tag1021
2327.344967	0.0001	1	0	0	1	2	26	e	1	0	0	0	2	25	e	tag1022
2327.485273	0.0001	1	1	1	1	2	50	e	1	1	1	0	2	49	e	tag1023
2327.52549	0.0001	1	1	1	1	2	50	f	1	1	1	0	2	49	f	tag1024
2327.624287	0.0001	1	0	0	1	1	31	f	1	0	0	0	1	30	e	tag1025
2327.926346	0.0001	1	0	0	1	2	27	f	1	0	0	0	2	26	e	tag1026
2327.931162	0.0001	1	1	1	1	2	51	f	1	1	1	0	2	50	e	tag1027
2328.170616	0.0001	1	0	0	1	1	32	e	1	0	0	0	1	31	e	tag1028
2328.410974	0.0001	1	1	1	1	2	52	f	1	1	1	0	2	51	f	tag1029
2328.502012	0.0001	1	0	0	1	2	28	e	1	0	0	0	2	27	e	tag1030
2328.711015	0.0001	1	0	0	1	1	33	f	1	0	0	0	1	32	e	tag1031
2329.071962	0.0001	1	0	0	1	2	29	f	1	0	0	0	2	28	e	tag1032
2329.245483	0.0001	1	0	0	1	1	34	e	1	0	0	0	1	33	e	tag1033
2329.63619	0.0001	1	0	0	1	2	30	e	1	0	0	0	2	29	e	tag1034
2329.774017	0.0001	1	0	0	1	1	35	f	1	0	0	0	1	34	e	tag1035
2330.194695	0.0001	1	0	0	1	2	31	f	1	0	0	0	2	30	e	tag1036
2330.296617	0.0001	1	0	0	1	1	36	e	1	0	0	0	1	35	e	tag1037
2330.74747	0.0001	1	0	0	1	2	32	e	1	0	0	0	2	31	e	tag1038
2330.813281	0.0001	1	0	0	1	1	37	f	1	0	0	0	1	36	e	tag1039
2331.294514	0.0001	1	0	0	1	2	33	f	1	0	0	0	2	32	e	tag1040
2331.324007	0.0001	1	0	0	1	1	38	e	1	0	0	0	1	37	e	tag1041
2331.828793	0.0001	1	0	0	1	1	39	f	1	0	0	0	1	38	e	tag1042
2331.835821	0.0001	1	0	0	1	2	34	e	1	0	0	0	2	33	e	tag1043
2332.327638	0.0001	1	0	0	1	1	40	e	1	0	0	0	1	39	e	tag1044
2332.371388	0.0001	1	0	0	1	2	35	f	1	0	0	0	2	34	e	tag1045
2332.820542	0.0001	1	0	0	1	1	41	f	1	0	0	0	1	40	e	tag1046
2332.901211	0.0001	1	0	0	1	2	36	e	1	0	0	0	2	35	e	tag1047
2333.307501	0.0001	1	0	0	1	1	42	e	1	0	0	0	1	41	e	tag1048
2333.425286	0.0001	1	0	0	1	2	37	f	1	0	0	0	2	36	e	tag1049
2333.788515	0.0001	1	0	0	1	1	43	f	1	0	0	0	1	42	e	tag1050
2333.943609	0.0001	1	0	0	1	2	38	e	1	0	0	0	2	37	e	tag1051
2334.263582	0.0001	1	0	0	1	1	44	e	1	0	0	0	1	43	e	tag1052
2334.456175	0.0001	1	0	0	1	2	39	f	1	0	0	0	2	38	e	tag1053
2334.732701	0.0001	1	0	0	1	1	45	f	1	0	0	0	1	44	e	tag1054
2334.962981	0.0001	1	0	0	1	2	40	e	1	0	0	0	2	39	e	tag1055
2335.19587	0.0001	1	0	0	1	1	46	e	1	0	0	0	1	45	e	tag1056
2335.464023	0.0001	1	0	0	1	2	41	f	1	0	0	0	2	40	e	tag1057
2335.653088	0.0001	1	0	0	1	1	47	f	1	0	0	0	1	46	e	tag1058
2335.959297	0.0001	1	0	0	1	2	42	e	1	0	0	0	2	41	e	tag1059
2336.104354	0.0001	1	0	0	1	1	48	e	1	0	0	0	1	47	e	tag1060
2336.448799	0.0001	1	0	0	1	2	43	f	1	0	0	0	2	42	e	tag1061
2336.549666	0.0001	1	0	0	1	1	49	f	1	0	0	0	1	48	e	tag1062
2336.932523	0.0001	1	0	0	1	2	44	e	1	0	0	0	2	43	e	tag1063
2336.989024	0.0001	1	0	0	1	1	50	e	1	0	0	0	1	49	e	tag1064
2337.410468	0.0001	1	0	0	1	2	45	f	1	0	0	0	2	44	e	tag1065
2337.422425	0.0001	1	0	0	1	1	51	f	1	0	0	0	1	50	e	tag1066
2337.849868	0.0001	1	0	0	1	1	52	e	1	0	0	0	1	51	e	tag1067
2337.882627	0.0001	1	0	0	1	2	46	e	1	0	0	0	2	45	e	tag1068
2338.271353	0.0001	1	0	0	1	1	53	f	1	0	0	0	1	52	e	tag1069
2338.348998	0.0001	1	0	0	1	2	47	f	1	0	0	0	2	46	e	tag1070
2338.686877	0.0001	1	0	0	1	1	54	e	1	0	0	0	1	53	e	tag1071
2338.809576	0.0001	1	0	0	1	2	48	e	1	0	0	0	2	47	e	tag1072
2339.09644	0.0001	1	0	0	1	1	55	f	1	0	0	0	1	54	e	tag1073
2339.264357	0.0001	1	0	0	1	2	49	f	1	0	0	0	2	48	e	tag1074
2339.500041	0.0001	1	0	0	1	1	56	e	1	0	0	0	1	55	e	tag1075
2339.713337	0.0001	1	0	0	1	2	50	e	1	0	0	0	2	49	e	tag1076
2339.897678	0.0001	1	0	0	1	1	57	f	1	0	0	0	1	56	e	tag1077
2340.156511	0.0001	1	0	0	1	2	51	f	1	0	0	0	2	50	e	tag1078
2340.28935	0.0001	1	0	0	1	1	58	e	1	0	0	0	1	57	e	tag1079
2340.593875	0.0001	1	0	0	1	2	52	e	1	0	0	0	2	51	e	tag1080
2340.675057	0.0001	1	0	0	1	1	59	f	1	0	0	0	1	58	e	tag1081
2341.025426	0.0001	1	0	0	1	2	53	f	1	0	0	0	2	52	e	tag1082
2341.054796	0.0001	1	0	0	1	1	60	e	1	0	0	0	1	59	e	tag1083
2341.428566	0.0001	1	0	0	1	1	61	f	1	0	0	0	1	60	e	tag1084
2341.451159	0.0001	1	0	0	1	2	54	e	1	0	0	0	2	53	e	tag1085
2341.796368	0.0001	1	0	0	1	1	62	e	1	0	0	0	1	61	e	tag1086
2341.871069	0.0001	1	0	0	1	2	55	f	1	0	0	0	2	54	e	tag1087
2342.158198	0.0001	1	0	0	1	1	63	f	1	0	0	0	1	62	e	tag1088
2342.285153	0.0001	1	0	0	1	2	56	e	1	0	0	0	2	55	e	tag1089
2342.514058	0.0001	1	0	0	1	1	64	e	1	0	0	0	1	63	e	tag1090
2342.693406	0.0001	1	0	0	1	2	57	f	1	0	0	0	2	56	e	tag1091
2343.095824	0.0001	1	0	0	1	2	58	e	1	0	0	0	2	57	e	tag1092
2343.207857	0.0001	1	0	0	1	1	66	e	1	0	0	0	1	65	e	tag1093
2343.492403	0.0001	1	0	0	1	2	59	f	1	0	0	0	2	58	e	tag1094
2343.883139	0.0001	1	0	0	1	2	60	e	1	0	0	0	2	59	e	tag1095
2344.268026	0.0001	1	0	0	1	2	61	f	1	0	0	0	2	60	e	tag1096
2344.647062	0.0001	1	0	0	1	2	62	e	1	0	0	0	2	61	e	tag1097
2345.020241	0.0001	1	0	0	1	2	63	f	1	0	0	0	2	62	e	tag1098
2345.38756	0.0001	1	0	0	1	2	64	e	1	0	0	0	2	63	e	tag1099
2345.749014	0.0001	1	0	0	1	2	65	f	1	0	0	0	2	64	e	tag1100
2346.104598	0.0001	1	0	0	1	2	66	e	1	0	0	0	2	65	e	tag1101
2346.454309	0.0001	1	0	0	1	2	67	f	1	0	0	0	2	66	e	tag1102
2346.798143	0.0001	1	0	0	1	2	68	e	1	0	0	0	2	67	e	tag1103
